set output "plot4.txt"

set xlabel 'Time (s)'
set ylabel 'rxPower (dBm)'
set key center right
splot "-"  title "txPower 20dBm", -94.0 title "-94 dBm CSThreshold"
0 6.21408 15.0887
0.001 21.0772 5.16401
0.002 19.5548 18.8121
0.003 21.1491 20.0887
0.004 22.2416 22.7986
0.005 5.82504 19.0395
0.006 8.60371 10.0688
0.007 20.0424 13.4243
0.008 21.0396 20.2228
0.009 19.1723 18.0671
0.01 15.5162 3.4929
0.011 15.0522 24.0967
0.012 5.32742 18.6103
0.013 24.135 18.3968
0.014 22.4026 19.6266
0.015 22.6707 19.0192
0.016 21.7108 20.9788
0.017 14.7623 18.2721
0.018 15.2612 19.5704
0.019 18.1899 26.5048
0.02 20.4199 18.5302
0.021 20.6266 20.0677
0.022 15.9186 17.0138
0.023 22.5104 18.1202
0.024 18.7138 23.0045
0.025 21.4505 21.583
0.026 23.8797 20.8242
0.027 27.322 20.6011
0.028 20.8576 10.8128
0.029 12.4618 8.52088
0.03 19.1185 23.4728
0.031 26.2167 13.2378
0.032 18.1279 18.3548
0.033 22.3408 14.0555
0.034 20.7042 24.0721
0.035 18.9571 17.3974
0.036 11.9215 13.2962
0.037 7.57179 14.6501
0.038 18.9076 16.0994
0.039 20.6291 0.955927
0.04 4.72225 17.3792
0.041 20.3494 22.7662
0.042 19.6241 8.23771
0.043 20.023 21.5
0.044 22.2317 16.6006
0.045 15.0932 23.8887
0.046 24.247 13.7932
0.047 23.2512 22.1835
0.048 18.9256 19.0813
0.049 23.3017 21.44
0.05 20.7846 11.4948
0.051 20.6855 19.5051
0.052 22.0045 17.5536
0.053 15.5955 21.9867
0.054 13.6675 23.4232
0.055 17.7351 21.9278
0.056 7.6404 13.7158
0.057 18.8265 20.7497
0.058 10.2491 10.1604
0.059 12.533 18.5828
0.06 24.8272 16.2804
0.061 14.5615 17.7856
0.062 22.2942 13.2463
0.063 16.1069 10.9848
0.064 18.452 25.9467
0.065 20.5709 13.1538
0.066 14.6398 15.9192
0.067 17.9983 24.8743
0.068 13.9959 14.9538
0.069 21.7693 19.8943
0.07 20.0701 15.7682
0.071 15.3796 20.165
0.072 14.6519 24.9486
0.073 20.7745 15.8526
0.074 12.9937 14.401
0.075 7.20919 20.2547
0.076 7.09237 15.6695
0.077 14.5395 10.948
0.078 21.4045 15.5764
0.079 15.8737 20.1875
0.08 19.7658 22.7223
0.081 15.6082 14.4571
0.082 17.3238 13.571
0.083 19.8692 17.7432
0.084 24.0423 16.727
0.085 24.3697 2.96225
0.086 21.7081 17.9624
0.087 17.6024 18.9978
0.088 20.5372 7.76406
0.089 19.4257 21.1117
0.09 17.0527 19.9188
0.091 25.1404 25.8576
0.092 23.0258 10.8387
0.093 19.9097 23.8539
0.094 9.31634 11.5698
0.095 21.1623 19.0975
0.096 20.3763 20.3513
0.097 21.6464 22.6265
0.098 16.6505 5.84357
0.099 12.8021 19.6215
0.1 15.8578 15.6703
0.101 18.2109 25.2681
0.102 18.1773 13.8876
0.103 18.4594 14.6064
0.104 3.42675 4.52671
0.105 17.8935 16.9763
0.106 17.391 19.9612
0.107 22.6811 17.4785
0.108 22.5091 24.2067
0.109 21.7106 14.7682
0.11 6.42664 17.4485
0.111 19.8661 18.3071
0.112 10.1498 24.6507
0.113 21.8731 13.1442
0.114 19.8263 17.9974
0.115 19.2912 11.3268
0.116 18.982 20.4168
0.117 9.33412 14.9247
0.118 17.1372 18.7412
0.119 24.9844 18.7104
0.12 6.71063 16.3813
0.121 15.214 24.6193
0.122 17.5307 20.7078
0.123 22.5777 16.3436
0.124 21.8024 21.4804
0.125 22.2293 17.7432
0.126 10.5746 12.3169
0.127 23.5391 12.7909
0.128 20.0853 22.3448
0.129 -1.98352 19.3961
0.13 18.4451 21.6168
0.131 19.9965 23.5519
0.132 20.3154 11.2852
0.133 12.1757 20.6751
0.134 14.822 21.3036
0.135 17.5329 19.2522
0.136 12.2347 19.9005
0.137 14.3731 18.442
0.138 19.7948 21.0368
0.139 22.5425 16.6714
0.14 13.3142 22.1897
0.141 23.5401 23.724
0.142 -3.38404 3.04655
0.143 19.7375 23.3135
0.144 0.610249 21.1586
0.145 19.3415 15.0608
0.146 24.2569 21.2657
0.147 23.7912 26.0357
0.148 13.4338 23.2523
0.149 18.6283 23.6326
0.15 17.6252 20.2466
0.151 16.2687 20.8028
0.152 22.717 23.8708
0.153 15.9378 15.6816
0.154 22.1958 18.374
0.155 12.4011 16.855
0.156 24.176 21.4374
0.157 16.9944 13.6451
0.158 19.8102 20.1922
0.159 22.6996 18.1212
0.16 17.7047 19.4028
0.161 13.4171 19.3297
0.162 20.8219 13.9764
0.163 22.147 11.9234
0.164 23.7687 17.1692
0.165 17.4904 0.111718
0.166 16.0782 5.84431
0.167 22.3267 9.28436
0.168 20.0446 22.6805
0.169 17.7816 14.9045
0.17 23.306 17.812
0.171 17.4232 11.2843
0.172 13.9076 16.7639
0.173 11.1579 23.1895
0.174 16.3778 20.5707
0.175 24.3496 25.9793
0.176 16.2035 18.819
0.177 22.3032 24.7882
0.178 18.9468 24.1992
0.179 23.141 15.2301
0.18 7.53849 25.5054
0.181 19.0902 15.6878
0.182 20.0444 20.0291
0.183 23.7479 15.8335
0.184 23.4733 19.5223
0.185 22.3985 15.5461
0.186 19.1781 21.2332
0.187 13.6168 22.8216
0.188 24.4364 22.0945
0.189 13.2604 19.4394
0.19 21.5851 20.4364
0.191 17.3809 13.1022
0.192 18.4623 7.42208
0.193 14.7057 8.07757
0.194 15.9626 15.1768
0.195 13.3523 14.8727
0.196 15.3991 24.8741
0.197 23.9104 23.1747
0.198 17.7997 13.6161
0.199 15.499 23.4865
0.2 22.7614 12.725
0.201 17.6581 11.8817
0.202 12.5245 17.7957
0.203 17.9328 21.9686
0.204 19.4473 11.3104
0.205 22.9961 18.5064
0.206 2.4263 21.8926
0.207 9.71706 10.0337
0.208 16.3102 17.5608
0.209 19.9943 18.829
0.21 18.8274 20.0692
0.211 17.1738 20.4941
0.212 17.686 -2.29784
0.213 17.0202 19.5257
0.214 20.0797 26.3916
0.215 23.4288 25.32
0.216 25.3585 23.7696
0.217 21.1791 24.8995
0.218 14.4173 24.6116
0.219 13.9175 23.6717
0.22 8.93364 18.9926
0.221 18.0063 18.4771
0.222 17.8742 14.1492
0.223 24.2815 2.99507
0.224 18.4723 20.6481
0.225 12.699 21.1584
0.226 13.3559 17.2529
0.227 21.1352 21.4647
0.228 24.2449 15.3361
0.229 15.9164 24.2808
0.23 16.7133 22.7122
0.231 13.4728 23.163
0.232 17.6427 12.7756
0.233 21.2786 18.7772
0.234 15.0775 16.9819
0.235 17.7084 14.9439
0.236 25.0084 25.3536
0.237 15.6639 18.4514
0.238 17.3046 14.0402
0.239 20.5086 8.32646
0.24 24.7236 15.1592
0.241 14.6564 22.0854
0.242 19.9104 18.4893
0.243 20.3392 20.0561
0.244 22.076 22.6067
0.245 15.4466 9.75064
0.246 6.23285 19.7993
0.247 8.00225 23.5238
0.248 19.4346 15.5344
0.249 23.3953 13.8735
0.25 17.9408 17.9331
0.251 4.57197 18.28
0.252 20.3391 17.0206
0.253 19.0329 18.5938
0.254 9.29132 22.8023
0.255 20.9193 22.3319
0.256 19.3476 14.7517
0.257 11.5527 9.63083
0.258 10.9299 23.8418
0.259 24.4148 22.2682
0.26 19.0806 14.6623
0.261 23.6542 17.8024
0.262 20.5075 20.9809
0.263 19.1781 17.9787
0.264 10.557 19.3633
0.265 21.4563 21.1754
0.266 21.938 18.9346
0.267 15.141 20.8846
0.268 16.9841 17.1497
0.269 17.9679 13.3993
0.27 15.096 19.5593
0.271 11.9163 13.8807
0.272 23.658 19.1734
0.273 13.6548 8.25178
0.274 14.8375 19.8068
0.275 20.6492 22.0194
0.276 18.3711 13.1994
0.277 8.76895 17.9919
0.278 19.9236 23.899
0.279 20.4437 18.3683
0.28 23.0693 13.6423
0.281 22.7087 23.0684
0.282 14.9371 18.0837
0.283 23.9254 8.34944
0.284 14.1685 15.8589
0.285 19.927 17.5802
0.286 18.5849 23.337
0.287 20.8812 22.8763
0.288 17.8778 25.9189
0.289 26.9314 20.7325
0.29 11.8407 2.59081
0.291 13.034 21.8255
0.292 18.7788 18.3113
0.293 22.3201 8.71218
0.294 20.4231 18.5213
0.295 19.6675 9.51233
0.296 18.3787 10.481
0.297 20.9058 23.9691
0.298 15.4201 17.4164
0.299 20.2767 14.6192
0.3 22.0143 21.2679
0.301 27.0677 19.9995
0.302 19.1944 19.7147
0.303 12.3773 12.2078
0.304 21.5517 14.0742
0.305 18.8516 19.7981
0.306 11.6869 22.048
0.307 14.5811 12.954
0.308 24.9163 12.1882
0.309 23.9791 14.077
0.31 3.90452 12.2268
0.311 21.6782 23.5426
0.312 17.8523 24.3686
0.313 18.5803 17.3499
0.314 17.9124 24.3927
0.315 23.1382 19.8769
0.316 18.7155 18.5255
0.317 22.8886 15.8002
0.318 25.9853 19.8898
0.319 22.4328 16.3482
0.32 13.127 13.4677
0.321 21.3096 22.9099
0.322 26.8294 18.0539
0.323 14.1836 21.4455
0.324 10.8469 24.0606
0.325 14.7677 17.4957
0.326 17.4125 17.4948
0.327 18.7956 20.5492
0.328 20.7128 20.1674
0.329 11.9462 22.4227
0.33 12.5003 17.817
0.331 9.77849 20.3154
0.332 15.4927 13.4015
0.333 18.6776 21.3784
0.334 22.1786 19.643
0.335 21.8231 14.3383
0.336 17.4584 20.8086
0.337 12.2856 16.6754
0.338 19.3491 4.80419
0.339 20.0254 21.1471
0.34 20.5012 24.1254
0.341 22.5297 19.1172
0.342 17.9557 21.7502
0.343 22.8082 23.3471
0.344 18.4587 23.4573
0.345 2.63502 18.8204
0.346 23.441 18.8193
0.347 14.3071 16.2712
0.348 18.5313 1.18985
0.349 9.95301 19.7758
0.35 22.4919 24.5824
0.351 24.7187 17.3105
0.352 20.3933 18.8648
0.353 3.83469 19.7952
0.354 15.1565 19.2463
0.355 18.1041 15.4669
0.356 14.5645 15.5867
0.357 20.9977 14.4767
0.358 18.6113 15.5218
0.359 19.245 10.9524
0.36 22.8081 21.3748
0.361 24.5126 23.9666
0.362 20.0589 15.3989
0.363 13.2208 23.8403
0.364 19.4633 18.3811
0.365 17.8069 14.6875
0.366 20.4241 15.1411
0.367 25.3146 9.37455
0.368 20.7376 22.64
0.369 5.07756 13.7262
0.37 16.7969 16.7471
0.371 17.2936 8.03984
0.372 15.0349 20.9654
0.373 24.7395 24.6141
0.374 22.4019 25.4268
0.375 17.9482 15.7265
0.376 17.2527 18.579
0.377 13.6867 19.6905
0.378 17.7996 15.2413
0.379 25.0055 0.50084
0.38 25.4137 25.4297
0.381 19.9495 13.6424
0.382 18.1103 13.0173
0.383 20.038 19.3284
0.384 21.6925 18.3861
0.385 19.4536 18.7144
0.386 10.9269 24.3273
0.387 13.8743 18.358
0.388 12.6211 20.6526
0.389 18.554 19.5495
0.39 19.0748 12.6559
0.391 16.0765 21.1596
0.392 6.12251 8.05991
0.393 18.8739 18.599
0.394 18.3514 14.2375
0.395 19.777 17.7885
0.396 17.742 16.1921
0.397 25.3612 18.4905
0.398 19.0206 19.9504
0.399 21.2582 18.8308
0.4 18.4632 18.4322
0.401 17.2327 20.4176
0.402 18.9264 11.741
0.403 20.6767 14.7322
0.404 11.9261 21.7446
0.405 16.9 21.0682
0.406 13.7851 22.7556
0.407 22.7968 11.6922
0.408 17.3834 17.3259
0.409 17.1777 20.8596
0.41 21.3255 23.7278
0.411 23.4946 20.1975
0.412 19.8741 19.0411
0.413 5.52467 18.6253
0.414 15.3834 24.9031
0.415 16.4475 15.689
0.416 11.5964 3.62987
0.417 15.0324 14.5653
0.418 14.5708 20.5764
0.419 15.2677 20.3048
0.42 21.1573 18.4532
0.421 12.5495 18.8003
0.422 11.3337 8.43864
0.423 15.3263 20.2071
0.424 21.459 20.0618
0.425 14.3362 11.5583
0.426 28.7557 10.7725
0.427 19.7697 21.9395
0.428 17.9572 19.6897
0.429 8.65809 16.0268
0.43 19.4165 19.2241
0.431 15.6647 5.81853
0.432 20.8661 23.6496
0.433 16.125 22.0784
0.434 19.0682 18.4919
0.435 20.5765 15.4394
0.436 12.7689 22.4678
0.437 18.0644 11.6562
0.438 21.5889 19.7485
0.439 24.2563 21.0879
0.44 20.4996 19.8334
0.441 13.5469 17.297
0.442 18.602 24.6969
0.443 12.6329 16.3304
0.444 22.5974 19.6503
0.445 3.6972 20.8403
0.446 17.3469 19.3781
0.447 8.95346 16.9248
0.448 20.9296 -0.264074
0.449 22.3274 20.0831
0.45 17.5533 17.2626
0.451 22.9806 2.35409
0.452 8.11769 5.87708
0.453 21.0061 22.2503
0.454 23.1006 21.1774
0.455 22.2612 3.81236
0.456 18.4926 -5.9409
0.457 9.99519 16.718
0.458 16.7045 15.5514
0.459 21.8214 22.6346
0.46 19.0664 22.3427
0.461 6.22669 18.8502
0.462 15.3239 24.1233
0.463 1.99661 13.282
0.464 21.1755 16.5756
0.465 22.5266 17.9186
0.466 5.82298 12.0621
0.467 9.55457 21.8729
0.468 17.2165 23.2594
0.469 15.1765 24.5574
0.47 23.0559 22.5322
0.471 14.2456 13.0175
0.472 22.7138 9.13641
0.473 10.6312 8.63614
0.474 20.6554 22.2558
0.475 15.3552 8.15084
0.476 14.4358 22.1634
0.477 23.6001 23.0762
0.478 24.2496 14.0219
0.479 17.5583 23.7279
0.48 11.7008 13.8299
0.481 24.1941 15.129
0.482 14.5305 21.2185
0.483 18.834 15.8718
0.484 16.9416 17.9937
0.485 22.9407 15.8413
0.486 19.4222 14.7131
0.487 15.4214 18.642
0.488 17.5004 6.61938
0.489 21.3566 25.2817
0.49 19.7652 21.6902
0.491 23.4375 22.3493
0.492 17.3107 19.6361
0.493 10.5214 20.9707
0.494 20.3181 18.6281
0.495 2.40752 16.0964
0.496 4.98245 20.8688
0.497 21.5426 7.01018
0.498 27.7326 16.3527
0.499 13.758 25.9193
0.5 13.6226 6.39228
0.501 21.0678 21.0051
0.502 18.2523 10.8982
0.503 20.3717 19.4235
0.504 21.0702 22.0434
0.505 20.3834 13.117
0.506 17.2985 14.3612
0.507 24.673 21.9397
0.508 20.2501 20.1694
0.509 19.9193 24.353
0.51 26.0062 17.2108
0.511 21.048 23.7349
0.512 18.251 18.3101
0.513 16.8546 11.9622
0.514 22.9906 20.6925
0.515 13.3351 16.8152
0.516 18.0571 17.4377
0.517 17.4201 20.4876
0.518 15.4597 23.542
0.519 20.2841 14.9727
0.52 16.4774 24.9688
0.521 21.7994 19.8737
0.522 16.8456 10.2407
0.523 19.2555 18.0018
0.524 15.4099 20.4862
0.525 9.57552 19.8638
0.526 15.4713 18.4722
0.527 22.1822 16.8478
0.528 16.2793 11.8938
0.529 19.7283 19.465
0.53 18.7372 17.2796
0.531 23.6315 -1.4063
0.532 22.8676 18.1205
0.533 20.9306 13.375
0.534 19.8641 20.3824
0.535 17.6411 22.0216
0.536 20.2155 22.6374
0.537 23.1645 19.7614
0.538 19.2817 22.4375
0.539 18.5216 23.8443
0.54 21.144 23.1943
0.541 16.0947 15.2628
0.542 23.76 9.2603
0.543 15.5494 5.79344
0.544 -7.09889 19.7825
0.545 14.7277 23.3064
0.546 13.5736 21.9989
0.547 17.4006 4.59075
0.548 9.94856 15.7716
0.549 24.4212 5.75496
0.55 21.9463 24.5418
0.551 16.9364 25.075
0.552 20.4878 20.7023
0.553 13.4554 18.3761
0.554 9.76009 11.9467
0.555 20.8527 21.6902
0.556 9.73521 2.40753
0.557 22.5194 23.4524
0.558 -0.878657 18.1903
0.559 19.388 21.6375
0.56 23.8246 19.2527
0.561 7.09434 14.3691
0.562 10.8028 13.3459
0.563 23.8913 17.4638
0.564 14.7051 17.6105
0.565 19.8869 16.1337
0.566 18.3621 22.1715
0.567 14.5959 22.5811
0.568 19.899 16.2922
0.569 17.612 19.5515
0.57 20.6978 16.8168
0.571 22.7119 19.3212
0.572 22.5768 17.6491
0.573 25.3277 13.3394
0.574 13.4597 25.7639
0.575 16.6387 22.1564
0.576 18.7001 27.974
0.577 12.4782 23.3845
0.578 14.9332 23.2568
0.579 17.748 23.416
0.58 17.6609 21.5697
0.581 12.2249 20.5837
0.582 21.7792 19.7583
0.583 21.4975 22.8658
0.584 11.5068 19.1595
0.585 18.9567 14.5536
0.586 14.2822 7.20946
0.587 16.6878 2.81393
0.588 25.1404 20.7646
0.589 16.4715 22.6761
0.59 16.8255 23.1559
0.591 23.6434 24.7284
0.592 8.41893 22.1435
0.593 19.5617 20.46
0.594 15.7243 16.3811
0.595 21.6177 21.1221
0.596 26.3745 18.8369
0.597 19.4199 16.2096
0.598 13.657 6.11175
0.599 17.7632 16.8148
0.6 15.5196 19.8243
0.601 6.41066 14.7067
0.602 21.7903 10.9492
0.603 14.674 21.7792
0.604 16.33 21.2431
0.605 11.9425 9.85276
0.606 21.5272 27.5142
0.607 16.3466 23.2513
0.608 17.9503 17.7872
0.609 20.8221 17.1914
0.61 20.8086 16.2938
0.611 19.508 17.4257
0.612 2.9927 18.0873
0.613 20.1657 22.7051
0.614 23.9701 18.7897
0.615 22.9741 16.0694
0.616 27.822 12.6669
0.617 13.7768 19.0895
0.618 23.239 21.5721
0.619 13.3299 23.0572
0.62 19.2047 9.38428
0.621 18.8115 -3.55762
0.622 25.1175 18.0488
0.623 0.234657 18.972
0.624 17.9732 18.8087
0.625 18.9052 15.2583
0.626 21.4556 17.6304
0.627 10.2209 5.72075
0.628 19.0465 17.3549
0.629 26.1066 9.18403
0.63 13.2635 21.0202
0.631 16.4355 17.8013
0.632 18.2761 22.7844
0.633 19.4468 26.9655
0.634 21.0461 1.11599
0.635 25.9932 17.5731
0.636 20.3995 17.5773
0.637 15.9045 5.81837
0.638 21.7156 23.2264
0.639 20.0321 17.3214
0.64 14.4878 9.31146
0.641 22.8381 20.6704
0.642 19.5353 24.5435
0.643 20.905 16.4985
0.644 16.446 12.6649
0.645 23.4547 6.42882
0.646 18.3096 22.8995
0.647 21.4587 20.7447
0.648 21.0859 20.8507
0.649 24.0132 20.4198
0.65 23.4644 17.7498
0.651 10.258 15.842
0.652 8.22595 12.7111
0.653 23.0356 19.1979
0.654 22.0704 3.99767
0.655 18.2923 19.3765
0.656 11.5471 25.0778
0.657 22.4 14.2222
0.658 18.4377 18.2942
0.659 12.6147 23.7099
0.66 15.9272 14.6139
0.661 14.3712 20.1421
0.662 16.0725 23.0577
0.663 21.2713 24.2376
0.664 22.6843 7.06314
0.665 7.37455 25.3437
0.666 20.7024 15.8106
0.667 13.6136 16.603
0.668 26.6512 16.2204
0.669 13.1451 14.4729
0.67 21.0747 8.60352
0.671 18.7431 5.70965
0.672 20.6883 7.24949
0.673 21.9366 14.362
0.674 19.23 21.0349
0.675 19.3446 22.7637
0.676 9.12396 3.93322
0.677 15.3015 14.0843
0.678 14.2027 22.6516
0.679 8.91484 16.4713
0.68 17.9817 9.86531
0.681 22.8069 21.1894
0.682 11.3972 24.1549
0.683 19.2471 18.5286
0.684 15.6736 14.7828
0.685 14.8525 18.9115
0.686 27.0542 18.3643
0.687 24.7021 17.8547
0.688 13.965 12.0249
0.689 10.0592 25.668
0.69 19.881 23.665
0.691 21.7013 25.6343
0.692 16.8312 24.1156
0.693 9.02191 17.2248
0.694 17.3471 19.9473
0.695 14.3895 21.1404
0.696 22.8392 14.3982
0.697 20.2436 3.42154
0.698 -5.44611 16.7641
0.699 13.391 22.3086
0.7 17.5831 17.3728
0.701 5.66085 19.9094
0.702 16.1768 24.4448
0.703 23.3381 20.5526
0.704 23.1078 23.809
0.705 -5.05825 19.6343
0.706 19.4298 4.67178
0.707 14.6297 17.5142
0.708 4.80218 16.1147
0.709 16.9144 15.8837
0.71 23.961 17.9738
0.711 17.9371 13.1599
0.712 14.6135 17.9556
0.713 9.91134 23.1168
0.714 26.362 19.4627
0.715 14.8233 21.7786
0.716 23.4457 16.6337
0.717 12.1032 19.1704
0.718 21.9107 2.6318
0.719 19.5622 22.4482
0.72 19.6861 12.0157
0.721 8.26356 25.6516
0.722 22.4293 21.9673
0.723 21.3853 17.6094
0.724 23.8857 19.5089
0.725 20.1509 6.71186
0.726 21.7855 18.6317
0.727 24.949 11.6852
0.728 18.7253 14.633
0.729 18.7912 14.9568
0.73 11.2286 24.5378
0.731 10.9986 22.9851
0.732 10.7219 21.9762
0.733 19.4195 16.6898
0.734 22.0339 17.9359
0.735 20.3703 23.723
0.736 16.4888 22.3011
0.737 12.7719 19.0555
0.738 6.32735 22.9404
0.739 19.1894 20.2886
0.74 -5.05177 18.187
0.741 12.7832 23.8515
0.742 24.1008 15.4681
0.743 16.2734 19.4791
0.744 14.3928 13.2842
0.745 16.5716 15.2147
0.746 7.38568 22.0459
0.747 24.4077 15.717
0.748 20.5028 13.276
0.749 21.6858 20.5711
0.75 11.3739 12.2737
0.751 25.5377 24.2215
0.752 16.5779 8.64219
0.753 24.7212 22.2746
0.754 10.7416 5.27851
0.755 -1.19861 20.4684
0.756 18.2619 -3.1132
0.757 7.00164 12.842
0.758 12.7226 12.2813
0.759 6.58817 17.2825
0.76 12.1874 20.6956
0.761 19.3209 11.778
0.762 22.2656 17.5701
0.763 11.6583 20.8668
0.764 18.3735 17.7656
0.765 12.6769 21.9394
0.766 20.3647 7.36633
0.767 13.8817 21.4844
0.768 17.6462 5.56609
0.769 14.731 22.7258
0.77 10.6538 6.19099
0.771 16.1562 23.4553
0.772 24.4451 18.5018
0.773 21.3214 0.32779
0.774 16.6725 23.0724
0.775 9.06421 21.6396
0.776 19.0724 14.6959
0.777 20.4767 20.8312
0.778 18.7595 22.2435
0.779 25.401 3.82491
0.78 22.4821 7.26154
0.781 22.1573 19.749
0.782 18.7412 19.1828
0.783 18.9617 22.6818
0.784 9.84423 20.1745
0.785 23.923 19.3607
0.786 23.386 19.584
0.787 17.283 21.7872
0.788 16.1729 21.3472
0.789 12.3186 18.9242
0.79 15.4219 11.0899
0.791 18.6924 23.7209
0.792 19.3493 17.5849
0.793 13.1863 8.48389
0.794 14.3732 16.6221
0.795 17.1228 18.8126
0.796 21.1398 14.4883
0.797 13.8656 21.4563
0.798 19.2261 4.93879
0.799 14.1689 12.0813
0.8 23.0166 18.8763
0.801 18.2171 14.7293
0.802 14.2602 19.8184
0.803 12.1902 13.7268
0.804 21.4195 21.494
0.805 26.0906 16.795
0.806 22.8999 22.2424
0.807 19.3113 13.0661
0.808 23.6027 17.9595
0.809 18.2114 18.8424
0.81 11.7131 22.4122
0.811 16.6053 6.29638
0.812 23.4531 22.6079
0.813 11.4524 20.0777
0.814 14.5934 17.2081
0.815 16.4288 11.6954
0.816 13.1487 15.8116
0.817 1.3906 20.1834
0.818 21.8135 21.0144
0.819 24.3663 15.3951
0.82 17.8728 14.3915
0.821 19.7297 26.3509
0.822 3.9856 16.7998
0.823 22.8948 24.6821
0.824 21.163 3.83165
0.825 23.1354 16.8848
0.826 11.4021 17.7914
0.827 16.6894 12.9126
0.828 23.1415 21.747
0.829 19.1598 21.7034
0.83 16.6512 22.9701
0.831 17.3576 18.1422
0.832 16.9173 15.6771
0.833 21.9907 18.9456
0.834 22.8059 20.1392
0.835 25.3052 22.3481
0.836 11.1606 19.3219
0.837 26.0214 14.1357
0.838 25.3489 20.0849
0.839 8.72465 18.7516
0.84 18.1181 9.54604
0.841 16.945 12.5999
0.842 18.4619 18.7347
0.843 8.4579 22.8436
0.844 22.3409 19.9453
0.845 18.1829 0.984053
0.846 20.4588 24.0872
0.847 21.6425 19.7348
0.848 24.1951 23.4209
0.849 9.60757 15.146
0.85 14.7316 19.6839
0.851 14.1318 25.6279
0.852 16.5466 19.2448
0.853 18.3739 20.8133
0.854 24.0121 12.4321
0.855 8.19766 21.6267
0.856 22.2494 15.6929
0.857 12.3778 18.4923
0.858 22.1328 17.3147
0.859 4.98094 23.9717
0.86 22.0647 19.9765
0.861 25.5532 14.536
0.862 19.7563 18.6637
0.863 18.1857 -2.22673
0.864 18.3564 7.7173
0.865 17.5512 21.765
0.866 17.4853 22.4852
0.867 22.0858 14.6871
0.868 6.67803 6.64931
0.869 18.4524 18.5982
0.87 13.959 17.3296
0.871 14.0098 21.3722
0.872 16.2465 15.0206
0.873 12.7485 16.4247
0.874 21.6182 17.9366
0.875 23.9834 17.5747
0.876 22.2107 22.2685
0.877 7.62523 23.4978
0.878 13.6032 20.7632
0.879 22.6012 17.6506
0.88 0.723369 21.1177
0.881 13.8887 23.259
0.882 18.4944 4.99407
0.883 17.1046 15.2567
0.884 24.9343 23.2976
0.885 10.6332 17.3074
0.886 10.1453 16.9977
0.887 17.6736 14.8103
0.888 19.5901 12.0601
0.889 15.7239 18.4209
0.89 23.4315 17.1587
0.891 16.2787 14.6441
0.892 26.1343 22.1157
0.893 15.5212 16.1565
0.894 16.8276 12.359
0.895 22.709 18.7712
0.896 20.6609 17.1477
0.897 0.339027 16.0962
0.898 6.4488 25.4806
0.899 19.2239 26.1281
0.9 19.99 21.7709
0.901 11.7014 12.4625
0.902 16.7539 17.6082
0.903 22.7256 18.1372
0.904 18.9421 20.6044
0.905 13.0061 19.8992
0.906 20.9708 18.0361
0.907 1.90129 23.9482
0.908 21.1869 5.25437
0.909 9.64513 17.898
0.91 21.8269 20.1882
0.911 14.8179 17.3613
0.912 14.8168 18.6509
0.913 22.3149 19.0684
0.914 22.6716 11.3487
0.915 20.9057 20.633
0.916 20.6781 18.1416
0.917 18.333 15.2383
0.918 14.3603 13.338
0.919 20.2716 4.51888
0.92 16.5803 18.4534
0.921 9.80554 25.3456
0.922 14.4291 16.715
0.923 27.1928 17.892
0.924 18.3339 15.7649
0.925 18.9469 0.808206
0.926 15.9496 19.9534
0.927 22.4793 16.0691
0.928 7.43857 25.974
0.929 21.0479 16.0775
0.93 18.0846 19.6554
0.931 20.6396 18.5794
0.932 12.3476 23.34
0.933 15.7125 20.0945
0.934 17.26 25.8653
0.935 18.723 23.8731
0.936 23.2079 21.8274
0.937 21.6532 26.0548
0.938 26.3119 21.5283
0.939 16.5156 26.0198
0.94 22.551 19.0759
0.941 22.8315 21.2628
0.942 21.0243 22.379
0.943 22.7333 16.9719
0.944 17.6332 18.6327
0.945 22.7194 5.26116
0.946 17.8588 6.41515
0.947 19.7419 20.0519
0.948 23.3909 5.72564
0.949 17.9185 20.9901
0.95 14.7947 14.8445
0.951 21.8192 27.0661
0.952 18.2503 21.7319
0.953 20.6182 18.6092
0.954 13.8529 22.4277
0.955 13.2305 23.4454
0.956 27.4846 18.9203
0.957 21.9089 4.13409
0.958 19.1157 18.629
0.959 17.4153 17.1835
0.96 23.973 21.6639
0.961 21.9304 16.5992
0.962 23.5425 10.7658
0.963 13.0484 18.0306
0.964 17.5956 24.2667
0.965 19.5025 22.9594
0.966 17.5537 15.6673
0.967 10.8865 21.7845
0.968 21.8118 8.78145
0.969 20.5231 18.0376
0.97 13.9513 15.3609
0.971 16.9735 17.1174
0.972 19.2344 14.3018
0.973 16.492 19.6481
0.974 22.372 27.8841
0.975 25.4856 18.3542
0.976 15.4794 6.45732
0.977 22.062 15.5511
0.978 24.0302 15.7429
0.979 15.2802 20.0265
0.98 14.8742 21.7833
0.981 20.8302 2.30842
0.982 8.69271 17.6741
0.983 16.6128 22.5666
0.984 22.4995 24.8683
0.985 17.7413 18.3714
0.986 15.6354 9.247
0.987 14.6284 19.9256
0.988 24.1177 7.01812
0.989 12.1133 16.261
0.99 18.661 22.5456
0.991 22.5783 16.6724
0.992 17.182 19.6298
0.993 21.2922 20.0443
0.994 18.8648 19.4384
0.995 20.2711 12.2154
0.996 22.8 18.212
0.997 19.4208 -6.76602
0.998 17.2433 18.5481
0.999 12.588 20.0764
e

set xlabel 'Time (s)'
set ylabel 'rxPower (dBm)'
set key center right
splot "-"  title "txPower 20dBm", -94.0 title "-94 dBm CSThreshold"
0 19.2415 10.7808
9.9999e-05 17.3784 12.4841
0.000199998 14.6522 13.5928
0.000299997 10.4345 14.1738
0.000399996 2.38508 14.2722
0.000499995 -1.59257 13.8894
0.000599994 7.72949 12.9711
0.000699993 11.671 11.3745
0.000799992 13.8411 8.76575
0.000899991 15.0842 4.23532
0.00099999 15.7175 -4.90231
0.00109999 15.887 1.10251
0.00119999 15.6617 7.49289
0.00129999 15.0695 11.0051
0.00139999 14.1203 13.2002
0.00149998 12.8457 14.5821
0.00159998 11.4131 15.3598
0.00169998 10.3578 15.632
0.00179998 10.4793 15.4589
0.00189998 11.7604 14.9228
0.00199998 13.3794 14.2418
0.00209998 14.7869 13.9291
0.00219998 15.8027 14.597
0.00229998 16.3848 16.1816
0.00239998 16.5204 18.0552
0.00249997 16.1952 19.7771
0.00259997 15.4015 21.1893
0.00269997 14.2112 22.2582
0.00279997 13.0327 22.9856
0.00289997 12.914 23.3756
0.00299997 14.4268 23.423
0.00309997 16.618 23.1074
0.00319997 18.6481 22.385
0.00329997 20.2791 21.1758
0.00339997 21.4985 19.337
0.00349996 22.3402 16.6251
0.00359996 22.8392 12.8422
0.00369996 23.0233 10.4061
0.00379996 22.9165 13.6146
0.00389996 22.5446 17.2538
0.00399996 21.948 19.8168
0.00409996 21.2 21.5657
0.00419996 20.4291 22.7272
0.00429996 19.8174 23.4347
0.00439996 19.5258 23.767
0.00449995 19.5706 23.7727
0.00459995 19.8032 23.4832
0.00469995 20.0217 22.9212
0.00479995 20.0632 22.1071
0.00489995 19.8155 21.0663
0.00499995 19.1905 19.8375
0.00509995 18.0909 18.483
0.00519995 16.369 17.0932
0.00529995 13.7587 15.778
0.00539995 9.78926 14.6401
0.00549995 5.25077 13.7637
0.00559994 7.95058 13.2506
0.00569994 12.3955 13.2499
0.00579994 15.3623 13.8538
0.00589994 17.3298 14.9407
0.00599994 18.6423 16.234
0.00609994 19.4889 17.4869
0.00619994 19.9838 18.555
0.00629994 20.2048 19.3711
0.00639994 20.2117 19.9085
0.00649994 20.0556 20.1588
0.00659993 19.7828 20.1226
0.00669993 19.4359 19.81
0.00679993 19.0531 19.2511
0.00689993 18.6676 18.5225
0.00699993 18.3075 17.7888
0.00709993 17.9989 17.3171
0.00719993 17.7672 17.3506
0.00729993 17.6346 17.8799
0.00739993 17.6116 18.6498
0.00749993 17.6874 19.3882
0.00759992 17.826 19.9232
0.00769992 17.9728 20.1631
0.00779992 18.0658 20.05
0.00789992 18.0453 19.525
0.00799992 17.8572 18.4984
0.00809992 17.4515 16.8037
0.00819992 16.7772 14.0785
0.00829992 15.7757 9.28731
0.00839992 14.3741 -3.85936
0.00849992 12.4898 5.15989
0.00859991 10.115 12.2108
0.00869991 7.81134 15.755
0.00879991 7.53115 17.893
0.00889991 9.63169 19.1871
0.00899991 12.0812 19.8528
0.00909991 14.1003 19.9729
0.00919991 15.6615 19.5527
0.00929991 16.8552 18.5246
0.00939991 17.7653 16.708
0.0094999 18.4571 13.6653
0.0095999 18.981 8.17136
0.0096999 19.3756 2.00502
0.0097999 19.6706 10.226
0.0098999 19.8875 15.1035
0.0099999 20.0401 17.9954
0.0100999 20.1352 19.8303
0.0101999 20.173 20.9612
0.0102999 20.1483 21.5461
0.0103999 20.0513 21.6564
0.0104999 19.8687 21.3139
0.0105999 19.584 20.5015
0.0106999 19.1778 19.1609
0.0107999 18.6274 17.1753
0.0108999 17.9058 14.3409
0.0109999 16.9796 10.4267
0.0110999 15.8065 6.614
0.0111999 14.332 7.6959
0.0112999 12.4885 10.4507
0.0113999 10.2145 12.0244
0.0114999 7.5799 12.3643
0.0115999 5.29635 11.4852
0.0116999 4.97699 9.16443
0.0117999 6.4441 5.72212
0.0118999 8.07581 7.33117
0.0119999 9.24244 12.3851
0.0120999 9.86346 16.1324
0.0121999 9.95216 18.7328
0.0122999 9.509 20.5271
0.0123999 8.51377 21.7002
0.0124999 6.99297 22.3433
0.0125999 5.35777 22.4889
0.0126999 5.08062 22.1212
0.0127999 7.024 21.1678
0.0128999 9.65023 19.4656
0.0129999 11.9467 16.6778
0.0130999 13.7461 12.3143
0.0131999 15.0858 9.96442
0.0132999 16.0182 14.8806
0.0133999 16.5786 18.9887
0.0134999 16.783 21.7277
0.0135999 16.6292 23.5875
0.0136999 16.0977 24.8339
0.0137999 15.1537 25.6072
0.0138999 13.759 25.9854
0.0139999 11.9393 26.0121
0.0140999 10.0569 25.7101
0.0141999 9.27436 25.0883
0.0142999 10.3674 24.1456
0.0143999 12.2026 22.8747
0.0144999 13.7881 21.2691
0.0145999 14.8582 19.3368
0.0146999 15.3778 17.1338
0.0147999 15.3298 14.8187
0.0148999 14.6506 12.6678
0.0149999 13.1774 10.8752
0.0150998 10.5255 9.23047
0.0151998 5.74823 7.1971
0.0152998 0.852387 4.49979
0.0153998 7.6291 3.44528
0.0154998 12.5626 6.79263
0.0155998 15.6391 10.4983
0.0156998 17.6759 13.2167
0.0157998 19.0176 15.0775
0.0158998 19.8298 16.2503
0.0159998 20.2027 16.8306
0.0160998 20.1958 16.8523
0.0161998 19.8711 16.293
0.0162998 19.3347 15.0581
0.0163998 18.7965 12.9206
0.0164998 18.5857 9.33277
0.0165998 18.9675 2.99331
0.0166998 19.8681 2.08145
0.0167998 20.9651 8.76551
0.0168998 21.9771 12.5859
0.0169998 22.7527 14.8711
0.0170998 23.2235 16.2417
0.0171998 23.3529 16.9628
0.0172998 23.1072 17.1626
0.0173998 22.4354 16.906
0.0174998 21.2482 16.2244
0.0175998 19.3761 15.1312
0.0176998 16.4598 13.6349
0.0177998 11.5992 11.7568
0.0178998 4.07031 9.5606
0.0179998 9.84163 7.18307
0.0180998 15.0734 4.81235
0.0181998 17.9733 2.6231
0.0182998 19.6308 1.17367
0.0183998 20.4357 2.08609
0.0184998 20.518 5.13706
0.0185998 19.8598 8.33369
0.0186998 18.2768 10.9558
0.0187998 15.217 12.9483
0.0188998 8.66765 14.3655
0.0189998 4.18716 15.2524
0.0190998 14.6897 15.6247
0.0191998 19.6787 15.4614
0.0192998 22.8077 14.6891
0.0193998 24.9714 13.1399
0.0194998 26.5064 10.4214
0.0195998 27.5724 5.37783
0.0196998 28.2542 -6.6059
0.0197998 28.5979 3.74339
0.0198998 28.6257 9.62637
0.0199998 28.3424 12.6067
0.0200998 27.7365 14.1638
0.0201998 26.7781 14.6912
0.0202998 25.4116 14.2278
0.0203998 23.5411 12.5009
0.0204998 21.0024 8.44566
0.0205998 17.5397 -6.53825
0.0206998 13.1994 6.89446
0.0207998 11.6348 14.4432
0.0208998 14.6595 18.6443
0.0209998 17.3244 21.4892
0.0210998 18.9363 23.5373
0.0211998 19.73 25.0249
0.0212998 19.8639 26.071
0.0213998 19.4004 26.74
0.0214998 18.3248 27.0653
0.0215998 16.5355 27.0587
0.0216998 13.787 26.7139
0.0217998 9.55614 26.0047
0.0218998 3.91984 24.8783
0.0219998 5.79086 23.2405
0.0220998 10.2268 20.9291
0.0221998 12.826 17.7035
0.0222998 14.1975 13.7644
0.0223998 14.7118 13.0296
0.0224998 14.5388 16.3957
0.0225998 13.769 19.3259
0.0226998 12.5204 21.3052
0.0227998 11.1543 22.5751
0.0228998 10.5337 23.3142
0.0229998 11.3072 23.6303
0.0230998 12.84 23.59
0.0231998 14.3175 23.2387
0.0232998 15.4484 22.6141
0.0233998 16.2213 21.7587
0.0234998 16.7303 20.7345
0.0235998 17.131 19.6382
0.0236998 17.6179 18.6034
0.0237998 18.3529 17.7622
0.0238998 19.3666 17.166
0.0239998 20.5497 16.7386
0.0240998 21.7471 16.321
0.0241998 22.8376 15.7447
0.0242998 23.7502 14.8599
0.0243998 24.4493 13.5134
0.0244998 24.9181 11.4911
0.0245998 25.1468 8.39838
0.0246998 25.1261 3.51348
0.0247998 24.8429 0.304997
0.0248998 24.2765 5.85563
0.0249998 23.3952 10.1829
0.0250997 22.1502 13.028
0.0251997 20.4699 14.9966
0.0252997 18.2614 16.38
0.0253997 15.4853 17.324
0.0254997 12.6632 17.9062
0.0255997 11.915 18.1684
0.0256997 13.6968 18.1341
0.0257997 15.7249 17.8205
0.0258997 17.1718 17.2531
0.0259997 18.0045 16.492
0.0260997 18.2863 15.6738
0.0261997 18.0531 15.0445
0.0262997 17.2988 14.877
0.0263997 15.9706 15.2342
0.0264997 13.9664 15.8896
0.0265997 11.2002 16.5443
0.0266997 8.24757 16.992
0.0267997 7.97327 17.1198
0.0268997 10.4943 16.8629
0.0269997 12.8899 16.1775
0.0270997 14.5252 15.0496
0.0271997 15.4848 13.5944
0.0272997 15.883 12.3654
0.0273997 15.7973 12.4535
0.0274997 15.2833 13.9993
0.0275997 14.4026 15.9314
0.0276997 13.2682 17.593
0.0277997 12.1063 18.8292
0.0278997 11.2511 19.6455
0.0279997 10.9111 20.0795
0.0280997 10.9142 20.1741
0.0281997 10.8769 19.9822
0.0282997 10.4898 19.5841
0.0283997 9.60101 19.1115
0.0284997 8.3252 18.7512
0.0285997 7.51868 18.6785
0.0286997 8.56949 18.9311
0.0287997 10.9385 19.3722
0.0288997 13.2565 19.7984
0.0289997 15.0493 20.0412
0.0290997 16.263 19.9852
0.0291997 16.9126 19.5445
0.0292997 16.9906 18.6333
0.0293997 16.434 17.1422
0.0294997 15.0746 14.9386
0.0295997 12.4915 12.078
0.0296997 7.33931 10.136
0.0297997 -6.64533 11.7364
0.0298997 7.87266 14.498
0.0299997 13.9578 16.6059
0.0300997 17.4233 17.9267
0.0301997 19.6942 18.5506
0.0302997 21.2308 18.5249
0.0303997 22.2412 17.8324
0.0304997 22.8411 16.4053
0.0305997 23.1102 14.2716
0.0306997 23.1197 12.5053
0.0307997 22.9523 13.8556
0.0308997 22.7156 17.0753
0.0309997 22.5369 19.9383
0.0310997 22.5241 22.1265
0.0311997 22.7067 23.7444
0.0312997 23.0171 24.9027
0.0313997 23.3339 25.6788
0.0314997 23.5381 26.1242
0.0315997 23.5374 26.274
0.0316997 23.2624 26.1537
0.0317997 22.6523 25.7853
0.0318997 21.6377 25.1947
0.0319997 20.1186 24.4214
0.0320997 17.9247 23.5339
0.0321997 14.72 22.6434
0.0322997 9.73967 21.8992
0.0323997 2.73594 21.4343
0.0324997 6.57516 21.2805
0.0325997 11.1141 21.3471
0.0326997 13.4351 21.493
0.0327997 14.4837 21.6051
0.0328997 14.6737 21.6243
0.0329997 14.257 21.5407
0.0330997 13.5727 21.3812
0.0331997 13.2447 21.1972
0.0332997 13.8698 21.0479
0.0333997 15.2363 20.977
0.0334997 16.6882 20.9917
0.0335997 17.832 21.0572
0.0336997 18.5308 21.1127
0.0337997 18.7399 21.092
0.0338997 18.4253 20.9389
0.0339997 17.5281 20.613
0.0340997 15.9471 20.0922
0.0341997 13.5673 19.3797
0.0342997 10.6979 18.5212
0.0343997 9.85555 17.6351
0.0344997 12.358 16.9291
0.0345997 15.0823 16.625
0.0346997 17.039 16.7729
0.0347997 18.2978 17.1849
0.0348997 19.0202 17.5935
0.0349997 19.3668 17.7892
0.0350996 19.5301 17.6291
0.0351996 19.755 16.9889
0.0352996 20.2698 15.7029
0.0353996 21.1345 13.4641
0.0354996 22.2018 9.57514
0.0355996 23.2577 3.23834
0.0356996 24.1407 6.82182
0.0357996 24.7567 12.7231
0.0358996 25.0507 16.308
0.0359996 24.979 18.6362
0.0360996 24.487 20.1622
0.0361996 23.4853 21.0851
0.0362996 21.8055 21.4933
0.0363996 19.0789 21.412
0.0364996 14.2396 20.8164
0.0365996 0.295082 19.621
0.0366996 10.4432 17.6425
0.0367996 17.4432 14.5142
0.0368996 20.9963 9.87296
0.0369996 23.1758 8.67367
0.0370996 24.5486 13.4608
0.0371996 25.3461 17.049
0.0372996 25.6796 19.3312
0.0373996 25.6031 20.728
0.0374996 25.1387 21.4492
0.0375996 24.2868 21.5804
0.0376996 23.0356 21.1246
0.0377996 21.3814 19.9998
0.0378996 19.4019 17.9796
0.0379996 17.4729 14.4563
0.0380996 16.488 7.04268
0.0381996 16.9752 1.33571
0.0382996 18.1866 12.8644
0.0383996 19.3452 17.5039
0.0384996 20.1897 20.2052
0.0385996 20.6947 21.8968
0.0386996 20.8949 22.9102
0.0387996 20.8313 23.3917
0.0388996 20.5338 23.4058
0.0389996 20.0131 22.9684
0.0390996 19.251 22.0554
0.0391996 18.1885 20.5957
0.0392996 16.7062 18.451
0.0393996 14.5812 15.4013
0.0394996 11.3958 11.5052
0.0395996 6.71548 9.9951
0.0396996 5.87259 13.0438
0.0397996 11.063 16.0055
0.0398996 14.9368 18.0019
0.0399996 17.5336 19.2608
0.0400996 19.2916 19.9829
0.0401996 20.4323 20.3045
0.0402996 21.0636 20.3318
0.0403996 21.231 20.1643
0.0404996 20.9377 19.9058
0.0405996 20.1464 19.6583
0.0406996 18.7682 19.4951
0.0407996 16.6319 19.4324
0.0408996 13.459 19.4248
0.0409996 9.41859 19.3937
0.0410996 9.04703 19.2611
0.0411996 12.7806 18.97
0.0412996 15.7437 18.492
0.0413996 17.6229 17.8348
0.0414996 18.6852 17.0559
0.0415996 19.0869 16.2836
0.0416996 18.8881 15.7086
0.0417996 18.0746 15.4918
0.0418996 16.5508 15.6265
0.0419996 14.1044 15.9337
0.0420996 10.4238 16.1943
0.0421996 6.7922 16.239
0.0422996 9.14038 15.9497
0.0423996 12.9743 15.2256
0.0424996 15.5741 13.9512
0.0425996 17.1969 11.9834
0.0426996 18.1133 9.32575
0.0427996 18.4814 7.45209
0.0428996 18.4042 9.3498
0.0429996 17.977 12.6646
0.0430996 17.3343 15.39
0.0431996 16.6945 17.4158
0.0432996 16.3347 18.8854
0.0433996 16.413 19.9133
0.0434996 16.8077 20.5752
0.0435996 17.2356 20.921
0.0436996 17.4476 20.9854
0.0437996 17.2754 20.795
0.0438996 16.5873 20.3736
0.0439996 15.2353 19.747
0.0440996 13.039 18.947
0.0441996 10.1512 18.0123
0.0442996 9.32514 16.9858
0.0443996 12.5292 15.9043
0.0444996 15.9225 14.7905
0.0445996 18.4514 13.6675
0.0446996 20.2461 12.6309
0.0447996 21.4673 11.9761
0.0448996 22.2163 12.1591
0.0449995 22.5504 13.2855
0.0450995 22.4993 14.8939
0.0451995 22.0763 16.4944
0.0452995 21.2932 17.8397
0.0453995 20.1948 18.8396
0.0454995 18.95 19.4622
0.0455995 18.0068 19.688
0.0456995 17.9941 19.4908
0.0457995 18.9813 18.829
0.0458995 20.3763 17.6495
0.0459995 21.6886 15.9424
0.0460995 22.7266 14.0332
0.0461995 23.4458 13.2823
0.0462995 23.8483 14.7735
0.0463995 23.9444 17.0738
0.0464995 23.7412 19.0405
0.0465995 23.239 20.4498
0.0466995 22.4307 21.3177
0.0467995 21.304 21.6762
0.0468995 19.8487 21.529
0.0469995 18.082 20.8385
0.0470995 16.1241 19.5048
0.0471995 14.3591 17.3201
0.0472995 13.4556 13.8882
0.0473995 13.6765 9.22517
0.0474995 14.4874 9.81685
0.0475995 15.3449 14.376
0.0476995 16.0546 17.5186
0.0477995 16.6242 19.4691
0.0478995 17.1311 20.5855
0.0479995 17.6525 21.0449
0.0480995 18.2228 20.9211
0.0481995 18.821 20.2242
0.0482995 19.387 18.9194
0.0483995 19.8497 16.9688
0.0484995 20.1455 14.5684
0.0485995 20.2226 13.0127
0.0486995 20.0358 14.016
0.0487995 19.5389 16.1446
0.0488995 18.6732 17.8874
0.0489995 17.3511 18.9547
0.0490995 15.4254 19.3552
0.0491995 12.6178 19.0934
0.0492995 8.36322 18.0994
0.0493995 2.57324 16.1578
0.0494995 4.59729 12.6692
0.0495995 9.32639 5.2647
0.0496995 12.1713 -0.216394
0.0497995 13.8155 11.0456
0.0498995 14.6539 15.5908
0.0499995 14.8726 18.1958
0.0500995 14.572 19.7897
0.0501995 13.8407 20.7168
0.0502995 12.8521 21.147
0.0503995 12.0179 21.1847
0.0504995 11.9579 20.912
0.0505995 12.857 20.4119
0.0506995 14.2007 19.7791
0.0507995 15.4721 19.1156
0.0508995 16.4432 18.5033
0.0509995 17.0487 17.9743
0.0510995 17.2775 17.5162
0.0511995 17.1307 17.1335
0.0512995 16.613 16.9276
0.0513995 15.7497 17.1058
0.0514995 14.6494 17.8156
0.0515995 13.6518 18.9457
0.0516995 13.4085 20.2083
0.0517995 14.3077 21.3523
0.0518995 15.9003 22.2308
0.0519995 17.5814 22.7669
0.0520995 19.0722 22.9101
0.0521995 20.305 22.606
0.0522995 21.2861 21.7701
0.0523995 22.039 20.247
0.0524995 22.5868 17.7132
0.0525995 22.9464 13.3684
0.0526995 23.1276 5.82284
0.0527995 23.1322 10.2504
0.0528995 22.9534 16.098
0.0529995 22.5752 19.3704
0.0530995 21.9704 21.3358
0.0531995 21.0963 22.4697
0.0532995 19.8872 22.9829
0.0533995 18.2395 22.991
0.0534995 15.9842 22.5913
0.0535995 12.8645 21.9361
0.0536995 8.92663 21.3238
0.0537995 7.76067 21.1873
0.0538995 11.2237 21.7533
0.0539995 14.4169 22.766
0.0540995 16.6275 23.8088
0.0541995 18.0982 24.6178
0.0542995 19.0076 25.0762
0.0543995 19.453 25.1322
0.0544995 19.4781 24.7476
0.0545995 19.0881 23.8708
0.0546995 18.2494 22.4167
0.0547995 16.8755 20.2463
0.0548995 14.7817 17.1812
0.0549994 11.5491 13.4931
0.0550994 6.05215 12.2278
0.0551994 -0.675691 14.4934
0.0552994 6.9709 16.5085
0.0553994 11.8568 17.3714
0.0554994 14.7563 17.0311
0.0555994 16.6396 15.222
0.0556994 17.8871 10.9377
0.0557994 18.6813 5.05126
0.0558994 19.1222 13.4037
0.0559994 19.2698 19.0188
0.0560994 19.1611 22.512
0.0561994 18.8192 24.8727
0.0562994 18.2586 26.4859
0.0563994 17.492 27.5304
0.0564994 16.5425 28.0961
0.0565994 15.473 28.2255
0.0566994 14.4413 27.9302
0.0567994 13.7519 27.197
0.0568994 13.7417 25.9909
0.0569994 14.4464 24.2662
0.0570994 15.5473 22.0335
0.0571994 16.701 19.6621
0.0572994 17.7108 18.463
0.0573994 18.4922 19.283
0.0574994 19.0129 20.7666
0.0575994 19.2593 21.8774
0.0576994 19.2215 22.3941
0.0577994 18.8882 22.3426
0.0578994 18.2465 21.8472
0.0579994 17.2891 21.2238
0.0580994 16.0366 21.1006
0.0581994 14.6017 21.9932
0.0582994 13.3068 23.592
0.0583994 12.6837 25.2646
0.0584994 12.968 26.6723
0.0585994 13.7479 27.7159
0.0586994 14.5036 28.3856
0.0587994 14.9646 28.694
0.0588994 15.0435 28.6553
0.0589994 14.7517 28.2804
0.0590994 14.2074 27.5795
0.0591994 13.7248 26.5714
0.0592994 13.8161 25.3029
0.0593994 14.7534 23.8837
0.0594994 16.2034 22.5192
0.0595994 17.677 21.4586
0.0596994 18.8994 20.7898
0.0597994 19.7653 20.3091
0.0598994 20.2344 19.6718
0.0599994 20.2747 18.5605
0.0600994 19.8328 16.6999
0.0601994 18.8038 13.9362
0.0602994 16.9734 11.5461
0.0603994 13.8634 13.2987
0.0604994 8.44788 16.6754
0.0605994 6.694 19.2242
0.0606994 13.4329 20.8554
0.0607994 17.8035 21.717
0.0608994 20.6664 21.8838
0.0609994 22.6536 21.3419
0.0610994 24.0465 19.9638
0.0611994 24.9862 17.4081
0.0612994 25.549 12.8029
0.0613994 25.7757 6.97317
0.0614994 25.6847 13.1454
0.0615994 25.2777 18.1398
0.0616994 24.5421 21.104
0.0617994 23.4532 22.9284
0.0618994 21.9835 23.9775
0.0619994 20.1456 24.411
0.0620994 18.1562 24.2928
0.0621994 16.7988 23.6256
0.0622994 17.057 22.3559
0.0623994 18.4813 20.3568
0.0624994 20.0168 17.4033
0.0625994 21.2171 13.3928
0.0626994 21.995 11.0127
0.0627994 22.3511 13.7468
0.0628994 22.2882 16.6542
0.0629994 21.7872 18.4494
0.0630994 20.7942 19.3608
0.0631994 19.2065 19.6044
0.0632994 16.8669 19.3425
0.0633994 13.7626 18.7531
0.0634994 11.6585 18.0915
0.0635994 13.7299 17.6604
0.0636994 16.8888 17.597
0.0637994 19.2728 17.7117
0.0638994 20.8678 17.6451
0.0639994 21.8144 17.0521
0.0640994 22.1913 15.576
0.0641994 22.0109 12.6689
0.0642994 21.2135 8.04762
0.0643994 19.6251 10.0267
0.0644994 16.8015 15.7677
0.0645994 11.2737 19.6253
0.0646994 -6.04261 22.2064
0.0647994 12.1731 23.9336
0.0648994 18.0657 25.0054
0.0649993 21.3897 25.5096
0.0650993 23.5374 25.466
0.0651993 24.9502 24.8325
0.0652993 25.8184 23.4794
0.0653993 26.2336 21.0916
0.0654993 26.2372 16.7693
0.0655993 25.8384 5.54355
0.0656993 25.0204 10.6599
0.0657993 23.7411 18.6259
0.0658993 21.9361 22.4024
0.0659993 19.5611 24.623
0.0660993 16.851 25.9295
0.0661993 15.1416 26.5633
0.0662993 15.8833 26.62
0.0663993 17.5906 26.1158
0.0664993 18.8951 24.9978
0.0665993 19.5179 23.1158
0.0666993 19.4404 20.1157
0.0667993 18.6314 15.0677
0.0668993 16.9899 7.16372
0.0669993 14.3933 13.1458
0.0670993 11.5253 18.1405
0.0671993 12.0954 20.7405
0.0672993 15.4196 22.0536
0.0673993 18.2069 22.4686
0.0674993 20.0925 22.1205
0.0675993 21.2371 21.0252
0.0676993 21.7626 19.1612
0.0677993 21.7282 16.7833
0.0678993 21.1486 15.5715
0.0679993 20.0201 17.2499
0.0680993 18.4046 19.7405
0.0681993 16.7446 21.6574
0.0682993 16.3099 22.8533
0.0683993 17.7279 23.386
0.0684993 19.7494 23.2878
0.0685993 21.474 22.5259
0.0686993 22.7017 20.9665
0.0687993 23.4365 18.2596
0.0688993 23.7058 13.3536
0.0689993 23.5185 0.748006
0.0690993 22.8531 9.95706
0.0691993 21.6448 16.3403
0.0692993 19.7564 19.4814
0.0693993 16.9143 21.2027
0.0694993 12.6578 22.0184
0.0695993 8.49879 22.1178
0.0696993 11.7578 21.5537
0.0697993 15.7936 20.2885
0.0698993 18.3957 18.1924
0.0699993 20.0354 15.0735
0.0700993 21.0213 11.4538
0.0701993 21.5208 11.5147
0.0702993 21.6306 14.7289
0.0703993 21.4098 17.2954
0.0704993 20.895 18.94
0.0705993 20.1066 19.9414
0.0706993 19.0523 20.5681
0.0707993 17.731 21.0822
0.0708993 16.1506 21.7144
0.0709993 14.3887 22.5696
0.0710993 12.7523 23.5792
0.0711993 11.9108 24.5837
0.0712993 12.2979 25.4384
0.0713993 13.3847 26.0491
0.0714993 14.4409 26.3605
0.0715993 15.094 26.3348
0.0716993 15.1715 25.9351
0.0717993 14.5081 25.1112
0.0718993 12.7817 23.7829
0.0719993 9.08917 21.8119
0.0720993 -1.56098 18.9448
0.0721993 4.45891 14.7518
0.0722993 12.9531 9.9325
0.0723993 17.3498 11.6245
0.0724993 20.2237 15.3572
0.0725993 22.2214 17.5784
0.0726993 23.5997 18.6198
0.0727993 24.4794 18.74
0.0728993 24.9169 18.0019
0.0729993 24.93 16.2882
0.0730993 24.5046 13.1671
0.0731993 23.5931 7.09335
0.0732993 22.1048 -7.18787
0.0733993 19.9056 7.84618
0.0734993 16.9808 12.7606
0.0735993 14.7042 15.0946
0.0736993 16.1742 16.0612
0.0737993 19.1794 15.9772
0.0738993 21.5857 14.8296
0.0739993 23.2547 12.2573
0.0740993 24.3268 6.84364
0.0741993 24.914 -17.0118
0.0742993 25.0886 7.17482
0.0743993 24.898 12.8592
0.0744993 24.3791 15.7435
0.0745993 23.5728 17.2541
0.0746993 22.5446 17.7903
0.0747993 21.4118 17.4552
0.0748993 20.3572 16.1927
0.0749993 19.5745 13.8708
0.0750992 19.1306 11.1267
0.0751992 18.8979 12.0324
0.0752992 18.6612 15.8489
0.0753992 18.248 19.0142
0.0754992 17.5737 21.2317
0.0755992 16.6533 22.7012
0.0756992 15.6384 23.5651
0.0757992 14.8462 23.8992
0.0758992 14.5982 23.7316
0.0759992 14.8646 23.0547
0.0760992 15.276 21.8317
0.0761992 15.4691 20.0239
0.0762992 15.2144 17.7388
0.0763992 14.3487 15.8134
0.0764992 12.6866 15.9247
0.0765992 9.95816 17.6047
0.0766992 6.17412 19.2136
0.0767992 5.12689 20.1991
0.0768992 8.70629 20.485
0.0769992 11.7218 20.0444
0.0770992 13.511 18.7975
0.0771992 14.2919 16.6276
0.0772992 14.1541 13.9191
0.0773992 13.0102 13.7624
0.0774992 10.5095 17.0042
0.0775992 5.91898 20.1172
0.0776992 3.80449 22.3621
0.0777992 9.88831 23.8684
0.0778992 14.1928 24.7742
0.0779992 16.9111 25.1597
0.0780992 18.6281 25.06
0.0781992 19.6082 24.4748
0.0782992 19.9653 23.3748
0.0783992 19.7298 21.7171
0.0784992 18.8631 19.5336
0.0785992 17.2399 17.3334
0.0786992 14.5837 16.6842
0.0787992 10.3728 18.0543
0.0788992 5.83386 19.7962
0.0789992 9.19985 21.037
0.0790992 13.3192 21.6204
0.0791992 15.8024 21.5208
0.0792992 17.2067 20.6645
0.0793992 17.9059 18.8332
0.0794992 18.1993 15.4336
0.0795992 18.4502 8.69598
0.0796992 19.0654 8.34211
0.0797992 20.2171 16.0274
0.0798992 21.6892 20.2424
0.0799992 23.1502 22.8865
0.0800992 24.386 24.6335
0.0801992 25.3001 25.7632
0.0802992 25.8526 26.4128
0.0803992 26.0194 26.6545
0.0804992 25.7695 26.525
0.0805992 25.0478 26.0373
0.0806992 23.7508 25.1857
0.0807992 21.6699 23.9461
0.0808992 18.3166 22.2742
0.0809992 12.0607 20.1042
0.0810992 -10.3139 17.3639
0.0811992 12.7606 14.0943
0.0812992 17.9419 10.982
0.0813992 20.5706 9.74469
0.0814992 21.9568 10.1998
0.0815992 22.4932 10.5595
0.0816992 22.3136 10.2221
0.0817992 21.4265 9.60722
0.0818992 19.7471 10.2267
0.0819992 17.1438 12.7481
0.0820992 14.0334 15.719
0.0821992 13.6995 18.2701
0.0822992 16.6955 20.274
0.0823992 19.4315 21.7807
0.0824992 21.2603 22.8524
0.0825992 22.3225 23.5346
0.0826992 22.7523 23.8559
0.0827992 22.6315 23.8328
0.0828992 22.0197 23.4777
0.0829992 21.0107 22.8153
0.0830992 19.8498 21.9231
0.0831992 19.0641 21.0106
0.0832992 19.1765 20.4834
0.0833992 20.0048 20.7253
0.0834992 20.9222 21.6451
0.0835992 21.5042 22.7957
0.0836992 21.555 23.8238
0.0837992 20.9475 24.5644
0.0838992 19.5206 24.9524
0.0839992 17.0623 24.9537
0.0840992 14.062 24.5309
0.0841992 14.8426 23.6224
0.0842992 18.8755 22.1202
0.0843992 22.2233 19.8402
0.0844992 24.6127 16.5604
0.0845992 26.2768 13.1568
0.0846992 27.3778 14.315
0.0847992 28.0091 17.8439
0.0848992 28.2201 20.4864
0.0849991 28.03 22.1811
0.0850991 27.4324 23.1371
0.0851991 26.3933 23.4729
0.0852991 24.8394 23.227
0.0853991 22.6269 22.3685
0.0854991 19.4544 20.7839
0.0855991 14.5416 18.2395
0.0856991 4.42967 14.4859
0.0857991 3.96748 11.8054
0.0858991 11.8166 15.0834
0.0859991 14.6163 18.8017
0.0860991 15.5307 21.3305
0.0861991 15.1894 22.9634
0.0862991 13.6892 23.9334
0.0863991 10.8943 24.3656
0.0864991 7.31245 24.3193
0.0865991 7.80273 23.8089
0.0866991 11.4679 22.8094
0.0867991 14.1373 21.2481
0.0868991 15.643 18.981
0.0869991 16.2057 15.7617
0.0870991 15.9221 11.5142
0.0871991 14.7801 9.43078
0.0872991 12.7446 12.4542
0.0873991 10.3454 15.3553
0.0874991 10.3047 17.1752
0.0875991 13.108 18.1785
0.0876991 15.8491 18.568
0.0877991 17.7909 18.4597
0.0878991 19.0033 17.9179
0.0879991 19.604 16.9774
0.0880991 19.6785 15.6642
0.0881991 19.2992 14.0509
0.0882991 18.5702 12.438
0.0883991 17.6996 11.6744
0.0884991 17.0506 12.5901
0.0885991 16.9643 14.6029
0.0886991 17.3841 16.7514
0.0887991 17.912 18.644
0.0888991 18.1856 20.1978
0.0889991 17.999 21.4119
0.0890991 17.2661 22.2976
0.0891991 16.097 22.8614
0.0892991 15.234 23.101
0.0893991 16.1021 23.0028
0.0894991 18.484 22.5378
0.0895991 20.983 21.654
0.0896991 23.0347 20.2587
0.0897991 24.573 18.1768
0.0898991 25.6365 15.0287
0.0899991 26.2659 9.72115
0.0900991 26.4846 -5.1248
0.0901991 26.2964 5.25829
0.0902991 25.6837 11.6579
0.0903991 24.6025 14.6193
0.0904991 22.975 16.1585
0.0905991 20.6848 16.8199
0.0906991 17.6522 16.8145
0.0907991 14.5111 16.2283
0.0908991 14.0298 15.0811
0.0909991 16.0953 13.3422
0.0910991 17.9456 10.9252
0.0911991 18.9531 7.68557
0.0912991 19.1426 3.78158
0.0913991 18.5398 2.49901
0.0914991 17.0809 6.11811
0.0915991 14.6109 10.0329
0.0916991 11.2418 13.2564
0.0917991 9.89406 15.898
0.0918991 12.8014 18.0523
0.0919991 15.7141 19.7678
0.0920991 17.5955 21.0701
0.0921991 18.6138 21.9699
0.0922991 18.954 22.4626
0.0923991 18.7813 22.5243
0.0924991 18.3425 22.1008
0.0925991 18.0782 21.0844
0.0926991 18.4783 19.2548
0.0927991 19.5586 16.1006
0.0928991 20.8585 10.1572
0.0929991 21.9701 5.91065
0.0930991 22.6937 14.3656
0.0931991 22.9381 19.0154
0.0932991 22.6291 21.8422
0.0933991 21.6475 23.6683
0.0934991 19.7428 24.8126
0.0935991 16.2733 25.4191
0.0936991 8.71987 25.5522
0.0937991 4.98195 25.2279
0.0938991 15.5072 24.4202
0.0939991 20.0191 23.0517
0.0940991 22.6466 20.9548
0.0941991 24.2467 17.7619
0.0942991 25.1241 12.5888
0.0943991 25.4024 6.32825
0.0944991 25.116 12.0254
0.0945991 24.2311 16.5991
0.0946991 22.6326 19.2259
0.0947991 20.0681 20.8078
0.0948991 16.0776 21.7434
0.0949991 11.6303 22.2478
0.095099 14.4154 22.4652
0.095199 18.6124 22.5044
0.095299 21.269 22.4417
0.095399 22.8415 22.3084
0.095499 23.6414 22.0804
0.095599 23.8259 21.6808
0.095699 23.4825 20.9887
0.095799 22.6924 19.8341
0.095899 21.6223 17.953
0.095999 20.677 14.8505
0.096099 20.4759 9.70387
0.096199 21.211 8.62853
0.096299 22.3638 14.7624
0.096399 23.4029 18.8928
0.096499 24.0837 21.5792
0.096599 24.3195 23.3723
0.096699 24.0642 24.5257
0.096799 23.2556 25.1641
0.096899 21.7719 25.3505
0.096999 19.3556 25.1158
0.097099 15.4076 24.4807
0.097199 8.87212 23.4912
0.097299 9.96469 22.3052
0.097399 15.8209 21.348
0.097499 19.1853 21.2556
0.097599 21.1723 22.1616
0.097699 22.3042 23.4961
0.097799 22.816 24.7444
0.097899 22.8295 25.6959
0.097999 22.4191 26.298
0.098099 21.6481 26.549
0.098199 20.6035 26.4578
0.098299 19.4388 26.0323
0.098399 18.4016 25.2788
0.098499 17.7551 24.2104
0.098599 17.5771 22.8681
0.098699 17.7059 21.367
0.098799 17.9371 19.9624
0.098899 18.178 19.0201
0.098999 18.4496 18.7226
0.099099 18.8124 18.8413
0.099199 19.2836 18.9956
0.099299 19.7995 18.9267
0.099399 20.243 18.5107
0.099499 20.4925 17.6958
0.099599 20.4445 16.4684
0.099699 20.0122 14.8638
0.099799 19.116 13.0326
0.099899 17.6938 11.3443
0.099999 15.8143 10.2719
e
