set output "plot3.txt"
set title "ns3::NakagamiPropagationLossModel (Default Parameters)"

set xlabel 'Distance'
set ylabel 'rxPower (dBm)'
set zlabel 'Probability' offset 0,+10
set view 50, 120, 1.0, 1.0
set key top right
set ticslevel 0
set xtics offset -0.5,0
set ytics offset 0,-0.5
set xrange [100:]
splot "-"  with linespoints title "txPower 20dBm" pointtype 3 pointsize 0.5
-48 1e-05 0
-44 1e-05 0
-43 0 1e-05
-40 2e-05 0
-38 1e-05 0
-37 3e-05 0
-36 1e-05 1e-05
-35 0 2e-05
-34 0 1e-05
-33 2e-05 1e-05
-32 3e-05 2e-05
-31 4e-05 3e-05
-30 0 1e-05
-29 6e-05 2e-05
-28 2e-05 5e-05
-27 6e-05 9e-05
-26 9e-05 5e-05
-25 5e-05 4e-05
-24 9e-05 3e-05
-23 0.00013 7e-05
-22 9e-05 8e-05
-21 0.00015 8e-05
-20 0.00018 0.00022
-19 0.00025 0.00012
-18 0.00024 0.00031
-17 0.00025 0.0002
-16 0.00034 0.00032
-15 0.00034 0.00039
-14 0.0004 0.00049
-13 0.00032 0.00055
-12 0.00066 0.00072
-11 0.00061 0.00065
-10 0.0009 0.00081
-9 0.00098 0.001
-8 0.00118 0.00117
-7 0.00158 0.00132
-6 0.00157 0.00161
-5 0.00198 0.00205
-4 0.00244 0.00241
-3 0.00272 0.00285
-2 0.00302 0.00311
-1 0.00432 0.00446
0 0.00457 0.0049
1 0.00604 0.00615
2 0.0067 0.00674
3 0.00806 0.00765
4 0.00947 0.00909
5 0.01119 0.01063
6 0.01401 0.01275
7 0.01592 0.01502
8 0.01756 0.01842
9 0.02067 0.02084
10 0.02538 0.02431
11 0.02866 0.02946
12 0.03411 0.03351
13 0.03865 0.03954
14 0.04498 0.04565
15 0.05106 0.05077
16 0.05555 0.0559
17 0.06168 0.0618
18 0.06612 0.06605
19 0.06963 0.06924
20 0.07099 0.07083
21 0.06971 0.07019
22 0.06493 0.06533
23 0.05666 0.05717
24 0.04635 0.04623
25 0.03426 0.03424
26 0.02177 0.02154
27 0.01187 0.01259
28 0.00554 0.0055
29 0.00205 0.00194
30 0.00052 0.00053
31 0.00012 8e-05
32 2e-05 2e-05

-53 1e-05 0
-47 1e-05 0
-46 1e-05 0
-43 0 1e-05
-42 1e-05 1e-05
-41 1e-05 0
-39 1e-05 1e-05
-38 0 3e-05
-37 0 4e-05
-35 3e-05 0
-34 2e-05 2e-05
-33 3e-05 1e-05
-32 3e-05 2e-05
-31 1e-05 3e-05
-30 5e-05 8e-05
-29 7e-05 8e-05
-28 3e-05 5e-05
-27 3e-05 5e-05
-26 4e-05 9e-05
-25 5e-05 6e-05
-24 7e-05 6e-05
-23 7e-05 0.0001
-22 0.0001 0.00013
-21 0.00015 0.00016
-20 0.00011 0.00014
-19 0.00011 0.00017
-18 0.00023 0.00021
-17 0.00019 0.00027
-16 0.00031 0.00036
-15 0.00037 0.00039
-14 0.00053 0.00046
-13 0.00053 0.00057
-12 0.00067 0.00059
-11 0.00084 0.00077
-10 0.00083 0.00085
-9 0.00103 0.00107
-8 0.00118 0.0012
-7 0.00158 0.00138
-6 0.00155 0.00168
-5 0.00208 0.00207
-4 0.00245 0.00256
-3 0.00279 0.00281
-2 0.0033 0.00339
-1 0.00423 0.00369
-0 0.00478 0.00488
1 0.00576 0.00552
2 0.00672 0.00648
3 0.00791 0.00832
4 0.00922 0.00954
5 0.01097 0.01157
6 0.0127 0.01338
7 0.016 0.0153
8 0.01786 0.01793
9 0.02109 0.0213
10 0.02509 0.02474
11 0.03006 0.02883
12 0.03407 0.03317
13 0.03942 0.03939
14 0.04394 0.04336
15 0.04996 0.05016
16 0.05655 0.05583
17 0.06179 0.06203
18 0.067 0.0667
19 0.07028 0.07084
20 0.07147 0.0725
21 0.06944 0.06998
22 0.06454 0.06447
23 0.05678 0.05764
24 0.04672 0.04539
25 0.03347 0.0335
26 0.02098 0.02163
27 0.01193 0.01188
28 0.00513 0.00534
29 0.00191 0.00214
30 0.00055 0.00051
31 0.00012 4e-05
32 4e-05 3e-05
33 0 1e-05

-50 0 1e-05
-49 1e-05 0
-48 1e-05 0
-44 1e-05 0
-41 1e-05 0
-39 0 2e-05
-37 1e-05 2e-05
-36 0 1e-05
-35 0 2e-05
-34 2e-05 2e-05
-33 3e-05 0
-32 1e-05 3e-05
-31 1e-05 3e-05
-30 3e-05 2e-05
-29 3e-05 6e-05
-28 3e-05 6e-05
-27 5e-05 3e-05
-26 8e-05 4e-05
-25 3e-05 6e-05
-24 8e-05 8e-05
-23 9e-05 0.00011
-22 0.0001 0.0001
-21 9e-05 0.00015
-20 8e-05 0.00017
-19 0.00014 0.00026
-18 0.00032 0.00026
-17 0.00026 0.0003
-16 0.00037 0.00016
-15 0.00039 0.00034
-14 0.00044 0.00048
-13 0.00041 0.00051
-12 0.00073 0.00064
-11 0.00069 0.00064
-10 0.00092 0.00076
-9 0.00096 0.00116
-8 0.00094 0.0012
-7 0.00161 0.00142
-6 0.00167 0.00209
-5 0.00246 0.00211
-4 0.00249 0.00248
-3 0.00268 0.00275
-2 0.00334 0.00338
-1 0.00436 0.00389
0 0.00454 0.00477
1 0.0057 0.0061
2 0.00667 0.00663
3 0.00775 0.0075
4 0.00904 0.00943
5 0.01065 0.01086
6 0.01318 0.01316
7 0.015 0.01548
8 0.01823 0.01834
9 0.0215 0.02109
10 0.025 0.02515
11 0.02873 0.02874
12 0.03369 0.03395
13 0.03889 0.03895
14 0.04486 0.04449
15 0.05064 0.05039
16 0.05603 0.05564
17 0.0628 0.06195
18 0.06639 0.06709
19 0.0706 0.07016
20 0.07055 0.07145
21 0.07056 0.06978
22 0.06497 0.0656
23 0.05585 0.05671
24 0.04673 0.04623
25 0.03422 0.03331
26 0.02175 0.02166
27 0.01183 0.01167
28 0.00533 0.00528
29 0.00177 0.00197
30 0.00049 0.00047
31 7e-05 0.00011
32 0 2e-05

-53 1e-05 0
-45 1e-05 0
-44 0 1e-05
-42 0 1e-05
-39 0 1e-05
-38 0 1e-05
-37 0 2e-05
-36 1e-05 0
-35 1e-05 2e-05
-34 0 2e-05
-33 3e-05 0
-32 0 1e-05
-31 1e-05 2e-05
-30 2e-05 3e-05
-29 3e-05 0.0001
-28 4e-05 1e-05
-27 7e-05 5e-05
-26 9e-05 6e-05
-25 1e-05 3e-05
-24 7e-05 8e-05
-23 0.00012 9e-05
-22 0.00013 0.00015
-21 9e-05 0.00016
-20 0.00016 0.00017
-19 0.00016 9e-05
-18 0.00018 0.00019
-17 0.00027 0.0002
-16 0.00033 0.00023
-15 0.00036 0.00031
-14 0.00037 0.00042
-13 0.00067 0.00057
-12 0.00063 0.00064
-11 0.00075 0.00059
-10 0.0008 0.00075
-9 0.0009 0.00117
-8 0.00129 0.0014
-7 0.00121 0.00146
-6 0.00171 0.00168
-5 0.00205 0.00187
-4 0.00223 0.00252
-3 0.00286 0.00272
-2 0.00335 0.00333
-1 0.00393 0.00406
0 0.00506 0.00471
1 0.00554 0.0058
2 0.0066 0.00685
3 0.00823 0.00772
4 0.00961 0.0093
5 0.01109 0.01128
6 0.0128 0.01337
7 0.01506 0.01553
8 0.01859 0.01817
9 0.02205 0.02134
10 0.02439 0.0257
11 0.02943 0.02815
12 0.03389 0.03476
13 0.0395 0.03804
14 0.04547 0.04421
15 0.05079 0.05038
16 0.05571 0.05681
17 0.06028 0.06224
18 0.06729 0.06619
19 0.06967 0.06902
20 0.07087 0.07114
21 0.07036 0.06971
22 0.06645 0.06511
23 0.05669 0.05703
24 0.04585 0.04678
25 0.03258 0.03356
26 0.02104 0.02199
27 0.01191 0.01196
28 0.00584 0.00544
29 0.00201 0.00184
30 0.00033 0.00046
31 4e-05 0.00013
32 1e-05 2e-05
33 1e-05 0

-41 0 2e-05
-38 2e-05 3e-05
-37 1e-05 1e-05
-36 0 1e-05
-35 1e-05 0
-33 5e-05 1e-05
-32 1e-05 1e-05
-31 7e-05 3e-05
-30 1e-05 2e-05
-29 3e-05 4e-05
-28 4e-05 0
-27 4e-05 2e-05
-26 2e-05 5e-05
-25 2e-05 5e-05
-24 9e-05 6e-05
-23 7e-05 0.00013
-22 0.0001 0.00017
-21 0.00014 0.00015
-20 0.00012 0.00015
-19 0.00016 0.00016
-18 0.00026 0.00021
-17 0.00024 0.00025
-16 0.00025 0.00037
-15 0.00035 0.00033
-14 0.00039 0.00049
-13 0.00052 0.00049
-12 0.00075 0.00067
-11 0.00081 0.00071
-10 0.00069 0.00103
-9 0.0011 0.00091
-8 0.00094 0.0012
-7 0.00132 0.00137
-6 0.00156 0.00161
-5 0.00198 0.00207
-4 0.00251 0.0025
-3 0.00285 0.00296
-2 0.00317 0.00381
-1 0.00376 0.00385
0 0.00528 0.00496
1 0.00545 0.00527
2 0.00694 0.00672
3 0.00778 0.00813
4 0.00937 0.0095
5 0.01103 0.01125
6 0.01283 0.01253
7 0.01562 0.01497
8 0.01809 0.01839
9 0.02252 0.02178
10 0.02521 0.02592
11 0.02955 0.02933
12 0.03306 0.03327
13 0.03911 0.03836
14 0.04467 0.04454
15 0.05056 0.05057
16 0.05803 0.05609
17 0.06164 0.06123
18 0.06704 0.06636
19 0.07052 0.06959
20 0.07143 0.07143
21 0.06815 0.06968
22 0.06502 0.06677
23 0.05615 0.05643
24 0.04632 0.04612
25 0.03279 0.03386
26 0.02197 0.0211
27 0.01117 0.01219
28 0.00561 0.00539
29 0.00206 0.00188
30 0.00048 0.00038
31 8e-05 4e-05
32 1e-05 2e-05

-45 0 1e-05
-42 1e-05 0
-41 0 2e-05
-39 1e-05 0
-38 1e-05 1e-05
-37 0 2e-05
-36 0 3e-05
-35 2e-05 0
-34 1e-05 1e-05
-33 2e-05 1e-05
-32 5e-05 3e-05
-31 5e-05 0
-30 7e-05 2e-05
-29 3e-05 7e-05
-28 4e-05 5e-05
-27 7e-05 6e-05
-26 9e-05 3e-05
-25 6e-05 6e-05
-24 8e-05 4e-05
-23 8e-05 6e-05
-22 9e-05 0.00016
-21 0.00013 8e-05
-20 0.00015 0.00022
-19 0.00021 0.00023
-18 0.00019 0.00021
-17 0.0003 0.00022
-16 0.00028 0.00032
-15 0.00037 0.00035
-14 0.00039 0.00034
-13 0.00042 0.0004
-12 0.00064 0.00061
-11 0.00066 0.0007
-10 0.00082 0.00087
-9 0.00109 0.00098
-8 0.00119 0.00117
-7 0.00143 0.00156
-6 0.0016 0.00154
-5 0.00195 0.00183
-4 0.00229 0.00238
-3 0.00285 0.003
-2 0.00299 0.00312
-1 0.0039 0.00419
-0 0.00474 0.0044
1 0.00573 0.0056
2 0.00656 0.00664
3 0.00785 0.00777
4 0.00939 0.0095
5 0.01101 0.01108
6 0.01324 0.01296
7 0.01556 0.01579
8 0.01777 0.01818
9 0.02115 0.02183
10 0.02574 0.02428
11 0.02965 0.02892
12 0.035 0.03383
13 0.03876 0.03882
14 0.04526 0.04454
15 0.04961 0.04934
16 0.05706 0.05495
17 0.06137 0.06302
18 0.06615 0.06703
19 0.06961 0.06935
20 0.07015 0.07257
21 0.07127 0.06948
22 0.06486 0.06555
23 0.05593 0.05669
24 0.04624 0.04572
25 0.03385 0.03488
26 0.02094 0.02204
27 0.01243 0.01197
28 0.00582 0.00549
29 0.00206 0.002
30 0.00052 0.00062
31 8e-05 0.00013
32 0 2e-05

-55 1e-05 0
-38 0 1e-05
-37 0 2e-05
-36 1e-05 3e-05
-35 0 2e-05
-33 4e-05 0
-32 4e-05 2e-05
-31 1e-05 2e-05
-30 2e-05 4e-05
-29 1e-05 4e-05
-28 3e-05 6e-05
-27 5e-05 5e-05
-26 6e-05 1e-05
-25 8e-05 0.00011
-24 9e-05 0.0001
-23 0.00011 9e-05
-22 0.00011 9e-05
-21 0.00021 9e-05
-20 0.00019 0.00011
-19 0.0002 0.00018
-18 0.00019 0.0002
-17 0.00025 0.00022
-16 0.00026 0.00033
-15 0.00035 0.00042
-14 0.00044 0.00042
-13 0.00049 0.00045
-12 0.00052 0.00057
-11 0.00084 0.00063
-10 0.00081 0.00091
-9 0.00105 0.00103
-8 0.00125 0.00127
-7 0.00165 0.00137
-6 0.00167 0.00172
-5 0.00214 0.00202
-4 0.00254 0.00231
-3 0.00286 0.00319
-2 0.00319 0.00294
-1 0.00424 0.00396
0 0.00518 0.00478
1 0.0057 0.00592
2 0.00678 0.00669
3 0.00765 0.00742
4 0.00933 0.00961
5 0.01139 0.01107
6 0.01278 0.01298
7 0.01531 0.01601
8 0.01754 0.01898
9 0.02075 0.02162
10 0.02534 0.02506
11 0.02931 0.02909
12 0.03376 0.03351
13 0.03908 0.03716
14 0.04434 0.04476
15 0.04996 0.05079
16 0.05643 0.05639
17 0.06285 0.06134
18 0.06657 0.06742
19 0.06917 0.06968
20 0.0712 0.07149
21 0.07122 0.06972
22 0.06407 0.06658
23 0.05738 0.0568
24 0.04521 0.04435
25 0.03445 0.03391
26 0.02091 0.02198
27 0.01205 0.01204
28 0.00566 0.00521
29 0.00202 0.00192
30 0.00046 0.00053
31 0.00014 0.0001
32 0 4e-05

-57 0 1e-05
-47 1e-05 0
-45 0 1e-05
-42 1e-05 0
-41 1e-05 0
-40 2e-05 0
-39 1e-05 1e-05
-38 0 1e-05
-36 1e-05 0
-35 2e-05 0
-34 0 4e-05
-33 3e-05 1e-05
-32 7e-05 2e-05
-31 2e-05 3e-05
-30 3e-05 3e-05
-29 5e-05 1e-05
-28 1e-05 2e-05
-27 3e-05 4e-05
-26 5e-05 7e-05
-25 0.00011 3e-05
-24 9e-05 3e-05
-23 9e-05 8e-05
-22 0.00014 0.00015
-21 9e-05 0.00017
-20 0.00013 0.00014
-19 0.00017 0.00012
-18 0.00027 0.00015
-17 0.00028 0.00021
-16 0.00025 0.0004
-15 0.00045 0.00033
-14 0.00039 0.00037
-13 0.0005 0.00048
-12 0.00066 0.00069
-11 0.00061 0.00074
-10 0.00076 0.00076
-9 0.00101 0.00108
-8 0.00121 0.00125
-7 0.00158 0.00148
-6 0.00172 0.00171
-5 0.00181 0.00213
-4 0.00261 0.00249
-3 0.00273 0.00297
-2 0.00333 0.0036
-1 0.00415 0.00394
-0 0.00475 0.00468
1 0.00572 0.0051
2 0.00746 0.00645
3 0.0079 0.00811
4 0.00945 0.00938
5 0.01106 0.01121
6 0.01329 0.01269
7 0.01571 0.01552
8 0.01784 0.01864
9 0.0209 0.02164
10 0.02508 0.0248
11 0.02843 0.02939
12 0.03406 0.03251
13 0.03939 0.03979
14 0.04441 0.04487
15 0.05134 0.05068
16 0.05609 0.05587
17 0.06277 0.06238
18 0.06688 0.0677
19 0.07 0.07042
20 0.07124 0.06954
21 0.06942 0.07056
22 0.06404 0.06488
23 0.05798 0.05746
24 0.04447 0.0448
25 0.03348 0.03379
26 0.02204 0.02159
27 0.01134 0.01185
28 0.00536 0.00531
29 0.00192 0.00193
30 0.00057 0.00054
31 8e-05 0.0001
32 1e-05 1e-05

-44 1e-05 0
-41 0 1e-05
-39 1e-05 2e-05
-38 2e-05 1e-05
-37 1e-05 2e-05
-36 1e-05 2e-05
-35 1e-05 2e-05
-34 1e-05 0
-33 1e-05 0
-32 2e-05 1e-05
-31 3e-05 1e-05
-30 1e-05 2e-05
-29 2e-05 3e-05
-28 7e-05 2e-05
-27 2e-05 3e-05
-26 3e-05 4e-05
-25 5e-05 7e-05
-24 0.0001 6e-05
-23 0.00013 9e-05
-22 0.00014 0.00012
-21 0.00017 0.00013
-20 0.00019 0.0001
-19 0.00019 0.00018
-18 0.00025 0.00024
-17 0.00035 0.00026
-16 0.00037 0.00029
-15 0.00036 0.00029
-14 0.00043 0.00041
-13 0.00047 0.00058
-12 0.00064 0.00069
-11 0.00063 0.00068
-10 0.00084 0.00079
-9 0.00102 0.00099
-8 0.00118 0.00134
-7 0.00118 0.0012
-6 0.00148 0.00164
-5 0.00196 0.00192
-4 0.00231 0.00197
-3 0.00304 0.00292
-2 0.0033 0.00349
-1 0.00369 0.00409
0 0.00479 0.00465
1 0.00555 0.00588
2 0.00662 0.00644
3 0.00847 0.00821
4 0.00907 0.00943
5 0.01097 0.01116
6 0.01346 0.01289
7 0.01536 0.0156
8 0.01822 0.0181
9 0.02135 0.02173
10 0.02492 0.02595
11 0.02917 0.02973
12 0.03296 0.03262
13 0.03971 0.0386
14 0.04345 0.04426
15 0.05189 0.05014
16 0.05564 0.05687
17 0.06195 0.06329
18 0.06566 0.06839
19 0.071 0.0703
20 0.07128 0.06958
21 0.06977 0.06961
22 0.06651 0.06524
23 0.05657 0.05724
24 0.04544 0.04587
25 0.0338 0.03276
26 0.02166 0.0215
27 0.01198 0.01168
28 0.00546 0.0052
29 0.00197 0.00161
30 0.00049 0.0006
31 0.0001 6e-05
32 0 1e-05

-47 0 1e-05
-42 1e-05 1e-05
-39 0 1e-05
-38 1e-05 1e-05
-37 1e-05 0
-36 0 2e-05
-35 2e-05 0
-34 2e-05 1e-05
-33 0 1e-05
-32 1e-05 2e-05
-31 2e-05 4e-05
-30 4e-05 3e-05
-29 7e-05 4e-05
-28 3e-05 4e-05
-27 4e-05 8e-05
-26 1e-05 7e-05
-25 5e-05 2e-05
-24 9e-05 8e-05
-23 0.00012 7e-05
-22 0.00013 0.00019
-21 0.00015 0.00011
-20 0.00021 0.00018
-19 0.00017 0.00019
-18 0.00023 0.00022
-17 0.00031 0.00037
-16 0.00022 0.00023
-15 0.0003 0.00037
-14 0.00038 0.00046
-13 0.00042 0.00045
-12 0.00067 0.00061
-11 0.00065 0.00065
-10 0.001 0.00079
-9 0.00113 0.00108
-8 0.00129 0.00119
-7 0.00126 0.00139
-6 0.00184 0.0016
-5 0.00211 0.00223
-4 0.00226 0.0024
-3 0.00285 0.00289
-2 0.0036 0.00327
-1 0.00391 0.00417
-0 0.00451 0.00488
1 0.00586 0.00604
2 0.00678 0.00673
3 0.00781 0.00789
4 0.00931 0.00929
5 0.01085 0.0113
6 0.01263 0.01355
7 0.01507 0.01573
8 0.0191 0.01793
9 0.02149 0.02089
10 0.02493 0.02515
11 0.02806 0.02907
12 0.0334 0.03422
13 0.03897 0.03921
14 0.04368 0.04394
15 0.05025 0.05065
16 0.05567 0.05639
17 0.06372 0.06076
18 0.0672 0.0663
19 0.07107 0.07002
20 0.07062 0.07252
21 0.06993 0.07057
22 0.06544 0.06384
23 0.05619 0.05772
24 0.04635 0.04521
25 0.03388 0.03326
26 0.02154 0.02173
27 0.01204 0.01173
28 0.00541 0.00537
29 0.00202 0.00195
30 0.0005 0.00046
31 7e-05 9e-05
32 1e-05 0

-47 0 1e-05
-42 0 2e-05
-41 1e-05 0
-40 1e-05 0
-37 1e-05 1e-05
-36 0 1e-05
-35 1e-05 1e-05
-34 2e-05 1e-05
-33 1e-05 1e-05
-32 2e-05 1e-05
-31 5e-05 1e-05
-30 4e-05 2e-05
-29 3e-05 3e-05
-28 6e-05 4e-05
-27 8e-05 4e-05
-26 8e-05 8e-05
-25 6e-05 8e-05
-24 6e-05 4e-05
-23 9e-05 9e-05
-22 0.00013 5e-05
-21 0.00016 0.00015
-20 0.00024 0.00018
-19 0.00012 0.00014
-18 0.00025 0.0003
-17 0.00025 0.00018
-16 0.0003 0.00029
-15 0.00026 0.00035
-14 0.00048 0.0005
-13 0.00068 0.00047
-12 0.0007 0.00054
-11 0.00076 0.00065
-10 0.00105 0.00092
-9 0.00088 0.0011
-8 0.00119 0.0011
-7 0.00143 0.00152
-6 0.00195 0.00152
-5 0.00205 0.00185
-4 0.00228 0.00249
-3 0.00286 0.00281
-2 0.00374 0.00317
-1 0.00407 0.00417
0 0.00476 0.00471
1 0.00574 0.00567
2 0.00662 0.00675
3 0.0082 0.00819
4 0.00965 0.00984
5 0.01119 0.01167
6 0.01321 0.01329
7 0.01569 0.01527
8 0.01847 0.01714
9 0.02109 0.02096
10 0.02487 0.02495
11 0.02907 0.02943
12 0.03392 0.03242
13 0.03889 0.03864
14 0.04531 0.04402
15 0.05149 0.05066
16 0.05598 0.05577
17 0.06226 0.06186
18 0.06676 0.06606
19 0.06961 0.0704
20 0.06945 0.07164
21 0.06929 0.07041
22 0.0651 0.06642
23 0.05691 0.0562
24 0.04586 0.04615
25 0.03318 0.03412
26 0.02141 0.02169
27 0.01202 0.01233
28 0.00507 0.00575
29 0.00189 0.00205
30 0.00051 0.00046
31 6e-05 8e-05
32 0 3e-05

-59 0 1e-05
-49 0 1e-05
-48 0 1e-05
-42 0 1e-05
-40 0 1e-05
-39 2e-05 2e-05
-38 2e-05 0
-37 0 1e-05
-36 1e-05 2e-05
-35 2e-05 0
-34 2e-05 3e-05
-33 1e-05 3e-05
-32 1e-05 3e-05
-31 2e-05 4e-05
-30 2e-05 4e-05
-29 6e-05 4e-05
-28 5e-05 3e-05
-27 3e-05 3e-05
-26 6e-05 9e-05
-25 6e-05 3e-05
-24 5e-05 9e-05
-23 9e-05 8e-05
-22 0.00011 0.00015
-21 0.00011 0.00015
-20 0.00015 0.00017
-19 0.00017 0.00022
-18 0.00022 0.00026
-17 0.0002 0.00025
-16 0.00028 0.00025
-15 0.00037 0.00045
-14 0.00039 0.0003
-13 0.00068 0.00061
-12 0.00072 0.00073
-11 0.00068 0.00084
-10 0.00089 0.0011
-9 0.00088 0.00109
-8 0.00135 0.00123
-7 0.00157 0.00145
-6 0.00167 0.00182
-5 0.00227 0.00198
-4 0.00239 0.00242
-3 0.00296 0.00275
-2 0.00356 0.00342
-1 0.00407 0.00395
0 0.00483 0.00481
1 0.00571 0.00558
2 0.00653 0.00668
3 0.00766 0.00777
4 0.00967 0.00899
5 0.01069 0.01116
6 0.01338 0.01305
7 0.01538 0.01516
8 0.01839 0.01838
9 0.02111 0.02114
10 0.02502 0.02489
11 0.0289 0.0292
12 0.0337 0.03479
13 0.03971 0.03901
14 0.04453 0.04398
15 0.05016 0.05018
16 0.05421 0.0573
17 0.06272 0.06202
18 0.06549 0.06712
19 0.071 0.06984
20 0.07224 0.07118
21 0.06988 0.07042
22 0.06499 0.06456
23 0.05822 0.0574
24 0.04462 0.04521
25 0.03376 0.03308
26 0.02124 0.02138
27 0.01231 0.01183
28 0.00557 0.00509
29 0.00162 0.00187
30 0.00043 0.00058
31 8e-05 7e-05
32 1e-05 3e-05

-59 1e-05 0
-54 0 1e-05
-50 1e-05 0
-46 1e-05 0
-44 2e-05 0
-42 1e-05 0
-41 1e-05 0
-40 1e-05 0
-39 1e-05 0
-38 1e-05 1e-05
-37 1e-05 2e-05
-36 3e-05 2e-05
-35 1e-05 1e-05
-34 1e-05 1e-05
-33 2e-05 1e-05
-32 2e-05 1e-05
-31 0 1e-05
-30 2e-05 1e-05
-29 4e-05 5e-05
-28 2e-05 5e-05
-27 5e-05 4e-05
-26 2e-05 2e-05
-25 8e-05 3e-05
-24 3e-05 0.00011
-23 5e-05 0.0001
-22 8e-05 9e-05
-21 0.00014 9e-05
-20 0.0001 0.00021
-19 0.00026 0.00016
-18 0.00023 0.00021
-17 0.00032 0.00029
-16 0.00031 0.00027
-15 0.00045 0.00035
-14 0.0004 0.00033
-13 0.00047 0.00035
-12 0.00051 0.00053
-11 0.00081 0.00072
-10 0.00065 0.00086
-9 0.00105 0.001
-8 0.00103 0.00109
-7 0.00137 0.00132
-6 0.00174 0.00178
-5 0.00188 0.00192
-4 0.00238 0.00237
-3 0.00327 0.00282
-2 0.00327 0.00341
-1 0.00375 0.00411
-0 0.00471 0.00476
1 0.00598 0.00553
2 0.00683 0.0068
3 0.00784 0.00781
4 0.00988 0.00934
5 0.01132 0.01048
6 0.01302 0.01243
7 0.01578 0.01594
8 0.01889 0.01771
9 0.02096 0.02137
10 0.02519 0.02396
11 0.0294 0.02919
12 0.03343 0.03383
13 0.03792 0.03924
14 0.04444 0.04522
15 0.04898 0.05224
16 0.05625 0.05782
17 0.06191 0.06205
18 0.06631 0.06596
19 0.06951 0.06956
20 0.0721 0.07164
21 0.06953 0.06904
22 0.06539 0.06466
23 0.05659 0.05716
24 0.04564 0.04429
25 0.03474 0.03427
26 0.02197 0.02257
27 0.01201 0.01192
28 0.00586 0.00592
29 0.00198 0.00187
30 0.00058 0.00049
31 6e-05 0.00013
32 2e-05 0

-49 1e-05 0
-48 1e-05 0
-45 1e-05 0
-42 2e-05 0
-38 1e-05 0
-37 1e-05 1e-05
-36 0 1e-05
-35 2e-05 3e-05
-34 4e-05 2e-05
-33 1e-05 2e-05
-32 2e-05 1e-05
-31 3e-05 7e-05
-30 2e-05 2e-05
-29 4e-05 4e-05
-28 3e-05 0
-27 1e-05 5e-05
-26 3e-05 4e-05
-25 4e-05 4e-05
-24 9e-05 9e-05
-23 9e-05 6e-05
-22 0.00015 6e-05
-21 0.00015 0.00011
-20 0.00016 0.0001
-19 0.00017 0.00017
-18 0.00022 0.00023
-17 0.00021 0.00025
-16 0.00034 0.0002
-15 0.00034 0.00034
-14 0.00044 0.00028
-13 0.00051 0.00042
-12 0.00059 0.00064
-11 0.00081 0.0007
-10 0.00107 0.00097
-9 0.001 0.00094
-8 0.00129 0.00126
-7 0.00144 0.00138
-6 0.00193 0.00193
-5 0.00197 0.00202
-4 0.00227 0.00246
-3 0.00326 0.00327
-2 0.00315 0.0035
-1 0.00408 0.00412
0 0.00474 0.00457
1 0.00553 0.00575
2 0.00625 0.00668
3 0.008 0.0079
4 0.00936 0.00918
5 0.01064 0.01161
6 0.01354 0.01328
7 0.01448 0.01585
8 0.0182 0.01821
9 0.02192 0.02131
10 0.02329 0.02534
11 0.02918 0.02862
12 0.03424 0.03434
13 0.0387 0.03863
14 0.04463 0.04426
15 0.05043 0.04952
16 0.05493 0.05632
17 0.06139 0.06119
18 0.06675 0.0664
19 0.0707 0.07062
20 0.07326 0.07142
21 0.07129 0.06948
22 0.06523 0.06513
23 0.05578 0.05855
24 0.04593 0.04649
25 0.0337 0.03197
26 0.02177 0.0217
27 0.01191 0.01193
28 0.00546 0.00526
29 0.00197 0.00196
30 0.00055 0.00053
31 0.00013 0.00013
32 2e-05 1e-05
33 1e-05 0

-50 1e-05 0
-48 1e-05 0
-43 2e-05 0
-41 1e-05 0
-40 1e-05 0
-39 0 1e-05
-38 0 1e-05
-37 0 1e-05
-36 0 1e-05
-35 0 1e-05
-34 1e-05 0
-33 4e-05 0
-32 1e-05 1e-05
-31 2e-05 1e-05
-30 4e-05 2e-05
-29 1e-05 3e-05
-28 3e-05 2e-05
-27 2e-05 4e-05
-26 8e-05 6e-05
-25 9e-05 5e-05
-24 9e-05 8e-05
-23 5e-05 0.0001
-22 0.0001 8e-05
-21 0.00014 9e-05
-20 8e-05 0.00013
-19 0.00024 0.00017
-18 0.00025 0.00031
-17 0.00031 0.00025
-16 0.00031 0.00037
-15 0.00035 0.00039
-14 0.00043 0.00036
-13 0.00064 0.00055
-12 0.00065 0.00058
-11 0.00082 0.0008
-10 0.00094 0.00075
-9 0.001 0.00106
-8 0.00135 0.00117
-7 0.00183 0.00133
-6 0.00195 0.00192
-5 0.00224 0.00203
-4 0.00231 0.00247
-3 0.00266 0.00289
-2 0.00336 0.00377
-1 0.00381 0.00402
-0 0.00478 0.00471
1 0.00572 0.00585
2 0.0069 0.00655
3 0.00785 0.00821
4 0.00921 0.00908
5 0.01087 0.01081
6 0.01306 0.01332
7 0.01477 0.01515
8 0.01831 0.01841
9 0.02086 0.02067
10 0.02492 0.02517
11 0.02926 0.02933
12 0.03311 0.03435
13 0.0397 0.03938
14 0.04463 0.04409
15 0.04989 0.05062
16 0.05704 0.05488
17 0.06123 0.06175
18 0.06571 0.06639
19 0.07225 0.07066
20 0.07024 0.07272
21 0.0695 0.07053
22 0.06602 0.0639
23 0.0566 0.0577
24 0.04559 0.0463
25 0.03339 0.03295
26 0.02174 0.02157
27 0.01216 0.01145
28 0.00563 0.00522
29 0.00201 0.00167
30 0.00067 0.00055
31 6e-05 9e-05
32 0 1e-05

-50 1e-05 0
-47 1e-05 0
-45 0 1e-05
-39 0 1e-05
-38 1e-05 0
-37 0 1e-05
-36 1e-05 1e-05
-35 2e-05 1e-05
-33 1e-05 2e-05
-32 1e-05 3e-05
-31 3e-05 1e-05
-30 7e-05 3e-05
-29 5e-05 5e-05
-28 4e-05 3e-05
-27 4e-05 0
-26 6e-05 4e-05
-25 3e-05 0.00011
-24 5e-05 6e-05
-23 4e-05 0.0001
-22 0.0001 0.0001
-21 7e-05 0.00016
-20 0.00016 0.00011
-19 0.00016 0.0002
-18 0.00017 0.00017
-17 0.00031 0.00028
-16 0.0003 0.00036
-15 0.00037 0.00033
-14 0.0004 0.0004
-13 0.00059 0.00054
-12 0.00051 0.00044
-11 0.00068 0.00069
-10 0.00075 0.00073
-9 0.00121 0.00073
-8 0.00122 0.00112
-7 0.0014 0.00139
-6 0.00167 0.00152
-5 0.00184 0.00169
-4 0.00254 0.00229
-3 0.00303 0.0025
-2 0.00338 0.00337
-1 0.00402 0.00393
0 0.00493 0.00478
1 0.00575 0.00551
2 0.00681 0.00642
3 0.00792 0.00808
4 0.00926 0.00961
5 0.01087 0.01131
6 0.01299 0.01268
7 0.01465 0.01586
8 0.01857 0.01819
9 0.02138 0.02069
10 0.02456 0.02569
11 0.02942 0.02953
12 0.03399 0.03284
13 0.04049 0.03904
14 0.0446 0.04463
15 0.0511 0.05076
16 0.05716 0.05655
17 0.06049 0.06202
18 0.06632 0.06612
19 0.06962 0.07049
20 0.07167 0.07277
21 0.0702 0.07043
22 0.06524 0.06487
23 0.05526 0.05708
24 0.04527 0.04642
25 0.03467 0.03351
26 0.02168 0.02072
27 0.0117 0.01135
28 0.00554 0.00568
29 0.00192 0.00218
30 0.00054 0.0005
31 6e-05 0.0001
32 0 1e-05

-49 0 1e-05
-46 2e-05 0
-45 1e-05 0
-42 0 1e-05
-41 1e-05 0
-40 0 1e-05
-39 1e-05 0
-38 2e-05 1e-05
-37 2e-05 1e-05
-36 0 3e-05
-35 2e-05 3e-05
-34 0 1e-05
-33 3e-05 3e-05
-32 2e-05 3e-05
-31 2e-05 1e-05
-30 1e-05 3e-05
-29 6e-05 5e-05
-28 1e-05 6e-05
-27 4e-05 8e-05
-26 5e-05 5e-05
-25 9e-05 4e-05
-24 7e-05 8e-05
-23 9e-05 0.00012
-22 7e-05 0.00011
-21 9e-05 0.00013
-20 9e-05 8e-05
-19 0.00012 0.00019
-18 0.00025 0.00023
-17 0.00022 0.00023
-16 0.00039 0.00032
-15 0.00031 0.00027
-14 0.00044 0.00038
-13 0.00045 0.0005
-12 0.00054 0.00074
-11 0.00065 0.0008
-10 0.00087 0.00081
-9 0.00105 0.00096
-8 0.00121 0.00133
-7 0.00122 0.00134
-6 0.00171 0.00166
-5 0.00182 0.00201
-4 0.00233 0.00237
-3 0.00296 0.0027
-2 0.00344 0.00326
-1 0.00408 0.00459
0 0.00442 0.00483
1 0.00579 0.00528
2 0.00671 0.00673
3 0.00769 0.00818
4 0.00908 0.00987
5 0.01087 0.01113
6 0.01267 0.01293
7 0.0161 0.01575
8 0.01768 0.01858
9 0.02094 0.02183
10 0.02439 0.02413
11 0.02913 0.02932
12 0.03297 0.03302
13 0.03866 0.03888
14 0.0449 0.04492
15 0.05075 0.04944
16 0.05672 0.05695
17 0.06183 0.06141
18 0.06537 0.06621
19 0.06998 0.06974
20 0.07261 0.07187
21 0.07103 0.06962
22 0.06685 0.06497
23 0.0564 0.05774
24 0.04636 0.04647
25 0.03365 0.03351
26 0.0217 0.02208
27 0.01202 0.01124
28 0.00523 0.00518
29 0.00193 0.00175
30 0.00059 0.00059
31 5e-05 0.00014
32 2e-05 0

-50 1e-05 0
-47 2e-05 0
-42 0 1e-05
-40 1e-05 0
-39 0 1e-05
-38 1e-05 0
-37 0 3e-05
-36 1e-05 0
-35 0 1e-05
-34 0 3e-05
-33 3e-05 1e-05
-32 3e-05 2e-05
-31 4e-05 6e-05
-30 6e-05 3e-05
-29 6e-05 5e-05
-28 6e-05 7e-05
-27 1e-05 0.0001
-26 6e-05 5e-05
-25 0.00014 3e-05
-24 8e-05 6e-05
-23 8e-05 9e-05
-22 0.00011 9e-05
-21 0.00011 0.00015
-20 0.00017 0.00014
-19 0.00019 0.00018
-18 0.00017 0.0002
-17 0.00025 0.0003
-16 0.00029 0.00031
-15 0.00033 0.00032
-14 0.00047 0.00033
-13 0.0005 0.00054
-12 0.00059 0.00062
-11 0.0008 0.00071
-10 0.00088 0.00089
-9 0.00102 0.0011
-8 0.00124 0.00107
-7 0.00151 0.00154
-6 0.00164 0.00185
-5 0.00203 0.00194
-4 0.00236 0.00228
-3 0.00269 0.00284
-2 0.00336 0.00352
-1 0.00386 0.00376
0 0.00488 0.00484
1 0.0056 0.00604
2 0.00692 0.00649
3 0.00748 0.0085
4 0.0094 0.00949
5 0.01149 0.01106
6 0.01267 0.01356
7 0.01552 0.01534
8 0.01868 0.01846
9 0.02187 0.02091
10 0.02562 0.0239
11 0.02891 0.03022
12 0.03473 0.03273
13 0.03891 0.0386
14 0.04418 0.04525
15 0.05009 0.05103
16 0.05651 0.05601
17 0.06138 0.06302
18 0.0655 0.06588
19 0.07023 0.07023
20 0.0709 0.07237
21 0.06959 0.06974
22 0.066 0.06619
23 0.05749 0.05548
24 0.04717 0.04474
25 0.03222 0.03238
26 0.02132 0.0213
27 0.01194 0.0126
28 0.00509 0.0059
29 0.00178 0.00175
30 0.00052 0.00054
31 0.00013 0.0001
32 0 1e-05

-52 0 1e-05
-48 0 2e-05
-45 1e-05 2e-05
-43 0 1e-05
-42 1e-05 0
-41 0 1e-05
-40 0 1e-05
-39 1e-05 0
-38 2e-05 0
-37 1e-05 0
-36 2e-05 0
-34 2e-05 1e-05
-33 3e-05 1e-05
-32 4e-05 1e-05
-31 1e-05 1e-05
-30 1e-05 3e-05
-29 2e-05 2e-05
-28 5e-05 2e-05
-27 4e-05 7e-05
-26 4e-05 4e-05
-25 4e-05 5e-05
-24 0.00016 9e-05
-23 0.00012 0.00011
-22 9e-05 0.00012
-21 0.00018 9e-05
-20 0.00013 0.00015
-19 0.00018 0.00015
-18 0.00024 0.00019
-17 9e-05 0.00022
-16 0.00025 0.00025
-15 0.00043 0.00027
-14 0.00041 0.00042
-13 0.00051 0.00055
-12 0.00064 0.00066
-11 0.00066 0.00063
-10 0.00097 0.00086
-9 0.0013 0.001
-8 0.00126 0.00114
-7 0.00154 0.00147
-6 0.00167 0.00169
-5 0.00203 0.00214
-4 0.00257 0.0023
-3 0.00301 0.00297
-2 0.00304 0.00356
-1 0.00413 0.0044
0 0.00465 0.00471
1 0.00587 0.00555
2 0.00672 0.00689
3 0.00833 0.00804
4 0.00926 0.00948
5 0.01106 0.01099
6 0.01365 0.01292
7 0.01552 0.01561
8 0.01717 0.01803
9 0.02188 0.02165
10 0.02601 0.02503
11 0.02879 0.02887
12 0.03392 0.03379
13 0.03887 0.03946
14 0.04427 0.04443
15 0.05071 0.04995
16 0.05553 0.05692
17 0.0631 0.06209
18 0.0677 0.06545
19 0.06987 0.07099
20 0.07114 0.07164
21 0.0693 0.07066
22 0.06371 0.06458
23 0.056 0.0571
24 0.04555 0.04568
25 0.03392 0.03307
26 0.02139 0.02137
27 0.01189 0.01112
28 0.00537 0.00546
29 0.00217 0.00209
30 0.00053 0.00043
31 0.00016 0.00015
32 0 2e-05

-57 0 1e-05
-52 1e-05 0
-50 0 1e-05
-49 0 1e-05
-46 1e-05 0
-42 0 1e-05
-39 0 1e-05
-37 1e-05 0
-36 0 2e-05
-35 1e-05 1e-05
-34 2e-05 2e-05
-33 3e-05 0
-32 2e-05 3e-05
-31 3e-05 2e-05
-30 2e-05 5e-05
-29 2e-05 0
-28 4e-05 2e-05
-27 8e-05 5e-05
-26 5e-05 8e-05
-25 4e-05 0.0001
-24 9e-05 7e-05
-23 0.00011 7e-05
-22 0.00013 0.00014
-21 0.00013 7e-05
-20 0.00021 0.00018
-19 0.00019 0.00011
-18 0.0002 0.00025
-17 0.00017 0.00026
-16 0.00035 0.00036
-15 0.00039 0.00038
-14 0.00047 0.00048
-13 0.00048 0.00043
-12 0.00055 0.00052
-11 0.00084 0.00083
-10 0.00076 0.00093
-9 0.00108 0.00091
-8 0.00112 0.00124
-7 0.00148 0.00149
-6 0.00179 0.00185
-5 0.00205 0.002
-4 0.00238 0.00257
-3 0.00278 0.00302
-2 0.00321 0.00354
-1 0.00407 0.00416
-0 0.00468 0.00472
1 0.00574 0.00535
2 0.00714 0.00698
3 0.00801 0.00805
4 0.00947 0.00976
5 0.01047 0.01127
6 0.01298 0.01346
7 0.01526 0.01526
8 0.01876 0.01814
9 0.02097 0.0211
10 0.02538 0.02524
11 0.02861 0.02897
12 0.03388 0.03344
13 0.04005 0.03878
14 0.04481 0.04451
15 0.05004 0.0508
16 0.05604 0.05593
17 0.06208 0.06183
18 0.06583 0.0666
19 0.07071 0.07082
20 0.07165 0.073
21 0.07068 0.06994
22 0.0653 0.06485
23 0.05554 0.05585
24 0.04445 0.04522
25 0.03408 0.03267
26 0.02192 0.02195
27 0.01214 0.01143
28 0.0053 0.00532
29 0.00193 0.00193
30 0.00057 0.00045
31 9e-05 6e-05
32 2e-05 1e-05

-53 1e-05 0
-39 0 1e-05
-38 2e-05 1e-05
-36 0 1e-05
-35 1e-05 1e-05
-34 4e-05 3e-05
-33 1e-05 0
-32 0 2e-05
-31 0 4e-05
-30 0 4e-05
-29 4e-05 4e-05
-28 5e-05 5e-05
-27 5e-05 3e-05
-26 4e-05 3e-05
-25 9e-05 3e-05
-24 7e-05 8e-05
-23 8e-05 8e-05
-22 6e-05 9e-05
-21 0.00011 9e-05
-20 0.00015 0.00015
-19 0.00015 0.00015
-18 0.00022 0.00015
-17 0.0002 0.00019
-16 0.00026 0.00032
-15 0.00034 0.00037
-14 0.00044 0.00045
-13 0.00045 0.00058
-12 0.00058 0.00054
-11 0.00081 0.00067
-10 0.00088 0.001
-9 0.00112 0.001
-8 0.00133 0.00116
-7 0.00126 0.00158
-6 0.00164 0.00171
-5 0.00187 0.00192
-4 0.00241 0.00254
-3 0.00293 0.00285
-2 0.00346 0.00334
-1 0.00413 0.00367
-0 0.00515 0.00439
1 0.00567 0.00546
2 0.00698 0.00642
3 0.00799 0.00797
4 0.0088 0.00914
5 0.01112 0.01179
6 0.01361 0.01329
7 0.01523 0.01563
8 0.01806 0.01866
9 0.02173 0.02125
10 0.02468 0.02418
11 0.02997 0.02857
12 0.03424 0.03351
13 0.0392 0.03905
14 0.04449 0.04339
15 0.05137 0.0502
16 0.05624 0.05579
17 0.06143 0.06223
18 0.06609 0.06655
19 0.06937 0.07075
20 0.07104 0.07289
21 0.06934 0.07106
22 0.06468 0.06576
23 0.05746 0.05797
24 0.04563 0.04453
25 0.03411 0.03326
26 0.02183 0.02112
27 0.01139 0.01192
28 0.00543 0.00568
29 0.00183 0.00197
30 0.00042 0.00053
31 0.0001 6e-05
32 1e-05 0

-45 0 1e-05
-43 1e-05 0
-41 1e-05 2e-05
-40 1e-05 1e-05
-39 1e-05 2e-05
-38 1e-05 2e-05
-36 2e-05 1e-05
-35 2e-05 2e-05
-34 2e-05 1e-05
-33 2e-05 3e-05
-32 1e-05 4e-05
-31 3e-05 2e-05
-30 3e-05 1e-05
-29 5e-05 3e-05
-28 5e-05 0.00011
-27 6e-05 1e-05
-26 8e-05 4e-05
-25 5e-05 3e-05
-24 7e-05 9e-05
-23 4e-05 0.00014
-22 9e-05 0.00012
-21 9e-05 0.00014
-20 0.00019 9e-05
-19 0.00016 0.00016
-18 0.0002 0.00022
-17 0.00022 0.00023
-16 0.00033 0.00039
-15 0.00034 0.00029
-14 0.00049 0.00032
-13 0.00049 0.00042
-12 0.00058 0.00058
-11 0.00063 0.00082
-10 0.00072 0.00087
-9 0.00097 0.00101
-8 0.00119 0.00113
-7 0.00145 0.00137
-6 0.00159 0.00164
-5 0.00231 0.00164
-4 0.00233 0.00268
-3 0.00294 0.00294
-2 0.00361 0.00369
-1 0.00404 0.00382
-0 0.00451 0.00453
1 0.00545 0.00598
2 0.00733 0.00668
3 0.0081 0.00788
4 0.00945 0.00888
5 0.01105 0.01089
6 0.01297 0.01321
7 0.01499 0.01582
8 0.0183 0.01794
9 0.02137 0.02206
10 0.02388 0.02487
11 0.02936 0.02846
12 0.03462 0.03339
13 0.03856 0.03831
14 0.04387 0.04412
15 0.04997 0.05081
16 0.05727 0.05575
17 0.06332 0.06212
18 0.06667 0.06733
19 0.07041 0.06928
20 0.07288 0.07143
21 0.06956 0.07082
22 0.06442 0.06454
23 0.05683 0.0572
24 0.04501 0.04611
25 0.03343 0.03376
26 0.02111 0.02252
27 0.01144 0.01193
28 0.00551 0.0056
29 0.00214 0.00179
30 0.00049 0.00063
31 0.00014 0.0001
32 3e-05 2e-05

-47 1e-05 0
-43 1e-05 0
-38 0 1e-05
-37 0 1e-05
-36 1e-05 0
-35 2e-05 2e-05
-34 2e-05 4e-05
-33 1e-05 2e-05
-32 1e-05 2e-05
-31 4e-05 2e-05
-30 1e-05 2e-05
-29 2e-05 1e-05
-28 6e-05 6e-05
-27 1e-05 2e-05
-26 7e-05 4e-05
-25 2e-05 4e-05
-24 7e-05 9e-05
-23 0.00014 7e-05
-22 8e-05 8e-05
-21 0.00016 0.00013
-20 0.00012 0.00015
-19 0.00015 0.00018
-18 0.00018 0.00026
-17 0.00025 0.00022
-16 0.00027 0.00032
-15 0.00031 0.00033
-14 0.00033 0.0004
-13 0.0005 0.0004
-12 0.00066 0.00045
-11 0.00077 0.00057
-10 0.0011 0.00093
-9 0.00101 0.00107
-8 0.00105 0.00135
-7 0.00141 0.00149
-6 0.00174 0.00163
-5 0.0021 0.00221
-4 0.00226 0.00263
-3 0.0031 0.00242
-2 0.00297 0.00362
-1 0.00416 0.00395
0 0.00493 0.00485
1 0.00561 0.00582
2 0.00677 0.00691
3 0.00855 0.00814
4 0.00924 0.00918
5 0.01125 0.0114
6 0.01326 0.01346
7 0.01488 0.01549
8 0.0177 0.01879
9 0.02141 0.02152
10 0.02458 0.02587
11 0.02886 0.02867
12 0.0337 0.03362
13 0.03822 0.03807
14 0.04442 0.04579
15 0.05183 0.04965
16 0.05543 0.05648
17 0.06329 0.06152
18 0.06625 0.06612
19 0.0689 0.07039
20 0.0721 0.07057
21 0.06857 0.06917
22 0.06489 0.06557
23 0.05713 0.05587
24 0.04595 0.04624
25 0.03424 0.03423
26 0.02192 0.02143
27 0.01238 0.01184
28 0.00586 0.00537
29 0.00215 0.00197
30 0.00046 0.0006
31 5e-05 9e-05
32 1e-05 2e-05
33 0 1e-05

-47 0 1e-05
-42 1e-05 0
-39 1e-05 2e-05
-37 2e-05 1e-05
-36 1e-05 0
-35 1e-05 1e-05
-34 0 1e-05
-33 2e-05 1e-05
-32 0 2e-05
-31 4e-05 3e-05
-30 3e-05 1e-05
-29 4e-05 3e-05
-28 1e-05 5e-05
-27 7e-05 2e-05
-26 9e-05 0.00011
-25 6e-05 5e-05
-24 3e-05 6e-05
-23 0.00013 9e-05
-22 5e-05 9e-05
-21 7e-05 0.00012
-20 0.00015 0.00012
-19 7e-05 0.00016
-18 0.00022 0.00023
-17 0.00021 0.00029
-16 0.0003 0.00031
-15 0.00032 0.00036
-14 0.00044 0.00043
-13 0.00049 0.00058
-12 0.00059 0.00061
-11 0.00088 0.00067
-10 0.00098 0.00092
-9 0.00101 0.00094
-8 0.00134 0.00111
-7 0.00139 0.00137
-6 0.0017 0.00179
-5 0.00203 0.00198
-4 0.00227 0.00237
-3 0.00281 0.00283
-2 0.00363 0.00314
-1 0.00405 0.00358
0 0.00505 0.00475
1 0.00534 0.00556
2 0.00638 0.00658
3 0.00798 0.00772
4 0.0088 0.00956
5 0.01097 0.01137
6 0.0136 0.01314
7 0.01545 0.0154
8 0.01807 0.01791
9 0.02141 0.02193
10 0.0251 0.02483
11 0.02886 0.02968
12 0.03392 0.03354
13 0.03943 0.03866
14 0.04559 0.04492
15 0.04913 0.05156
16 0.05666 0.05902
17 0.06155 0.06157
18 0.06688 0.067
19 0.06989 0.06936
20 0.07207 0.07138
21 0.07012 0.06846
22 0.06465 0.06319
23 0.05773 0.05688
24 0.04501 0.04752
25 0.0329 0.0327
26 0.02221 0.02163
27 0.01175 0.01173
28 0.00512 0.00564
29 0.00219 0.00173
30 0.00059 0.00042
31 2e-05 0.00011
32 0 1e-05

e
set title "ns3::ThreeLogDistancePropagationLossModel and ns3::NakagamiPropagationLossModel (Default Parameters)"

set xlabel 'Distance'
set ylabel 'rxPower (dBm)'
set zlabel 'Probability' offset 0,+10
set view 50, 120, 1.0, 1.0
set key top right
set ticslevel 0
set xtics offset -0.5,0
set ytics offset 0,-0.5
set xrange [100:]
splot "-"  with linespoints title "txPower 20dBm" pointtype 3 pointsize 0.5
-137 1e-05 0
-136 0 1e-05
-132 0 1e-05
-128 1e-05 0
-127 1e-05 0
-125 1e-05 0
-124 0 1e-05
-122 2e-05 2e-05
-121 1e-05 0
-120 3e-05 1e-05
-119 0 1e-05
-118 1e-05 0
-117 2e-05 2e-05
-116 3e-05 0
-115 4e-05 3e-05
-114 4e-05 2e-05
-113 4e-05 7e-05
-112 8e-05 7e-05
-111 2e-05 3e-05
-110 8e-05 7e-05
-109 0.0001 8e-05
-108 8e-05 9e-05
-107 9e-05 0.00014
-106 7e-05 0.00015
-105 0.0001 9e-05
-104 0.00027 0.00018
-103 0.00018 0.00019
-102 0.00027 0.0002
-101 0.00029 0.00023
-100 0.00037 0.00031
-99 0.00039 0.00035
-98 0.00047 0.00045
-97 0.0007 0.00057
-96 0.00062 0.00066
-95 0.00074 0.00081
-94 0.00097 0.00095
-93 0.00119 0.00114
-92 0.0012 0.00152
-91 0.00169 0.00157
-90 0.00191 0.00183
-89 0.00226 0.00209
-88 0.00281 0.00271
-87 0.00317 0.0031
-86 0.00377 0.00407
-85 0.0044 0.00408
-84 0.00537 0.00534
-83 0.00648 0.00685
-82 0.00778 0.00725
-81 0.00845 0.0094
-80 0.01002 0.0106
-79 0.01267 0.01195
-78 0.01451 0.01451
-77 0.01717 0.01759
-76 0.02035 0.01992
-75 0.02327 0.02403
-74 0.02704 0.029
-73 0.03296 0.03379
-72 0.03673 0.0382
-71 0.04258 0.04189
-70 0.04774 0.04869
-69 0.05398 0.05398
-68 0.06076 0.05928
-67 0.06506 0.06334
-66 0.07044 0.07024
-65 0.07212 0.07021
-64 0.06979 0.06999
-63 0.0671 0.06676
-62 0.05945 0.0594
-61 0.04985 0.05148
-60 0.03804 0.03767
-59 0.02549 0.02507
-58 0.01515 0.01468
-57 0.00727 0.00713
-56 0.00271 0.00273
-55 0.00092 0.00095
-54 0.00018 0.00012
-53 0 2e-05

-144 1e-05 0
-141 0 1e-05
-136 0 1e-05
-131 0 3e-05
-129 0 1e-05
-128 1e-05 1e-05
-127 2e-05 0
-126 2e-05 1e-05
-125 3e-05 3e-05
-124 0 6e-05
-123 3e-05 3e-05
-122 1e-05 2e-05
-121 1e-05 3e-05
-120 0 2e-05
-119 3e-05 4e-05
-118 8e-05 4e-05
-117 5e-05 9e-05
-116 6e-05 0.00012
-115 8e-05 9e-05
-114 0.00012 6e-05
-113 0.00011 9e-05
-112 0.00013 0.0001
-111 0.00011 0.00017
-110 0.00022 0.00013
-109 0.0002 0.00022
-108 0.00019 0.00022
-107 0.00034 0.00024
-106 0.0002 0.0005
-105 0.00038 0.00038
-104 0.00038 0.00041
-103 0.00049 0.0006
-102 0.00054 0.00054
-101 0.00072 0.00077
-100 0.00095 0.00082
-99 0.00113 0.00104
-98 0.00151 0.00123
-97 0.00164 0.00168
-96 0.00173 0.0018
-95 0.00235 0.00212
-94 0.00283 0.00223
-93 0.00252 0.00292
-92 0.00346 0.0034
-91 0.00419 0.00441
-90 0.00494 0.00493
-89 0.00603 0.00623
-88 0.00691 0.007
-87 0.00841 0.00825
-86 0.0101 0.00999
-85 0.0118 0.01246
-84 0.01391 0.01426
-83 0.01654 0.01661
-82 0.01915 0.01883
-81 0.02212 0.02305
-80 0.02735 0.0258
-79 0.03053 0.03128
-78 0.03604 0.0353
-77 0.04179 0.04139
-76 0.04763 0.04651
-75 0.05349 0.05272
-74 0.05893 0.05786
-73 0.0644 0.06486
-72 0.0678 0.06669
-71 0.06962 0.07009
-70 0.07124 0.07345
-69 0.06882 0.06906
-68 0.06059 0.06233
-67 0.05247 0.05225
-66 0.04201 0.04157
-65 0.02954 0.02905
-64 0.0175 0.01695
-63 0.00844 0.00915
-62 0.00346 0.00396
-61 0.00125 0.00106
-60 0.00024 0.00027
-59 6e-05 6e-05
-58 1e-05 0

-144 0 1e-05
-142 1e-05 0
-141 1e-05 0
-139 1e-05 1e-05
-138 1e-05 2e-05
-135 0 2e-05
-134 0 3e-05
-133 2e-05 0
-132 1e-05 0
-131 4e-05 3e-05
-130 1e-05 3e-05
-129 2e-05 1e-05
-128 1e-05 5e-05
-127 4e-05 0
-126 1e-05 5e-05
-125 3e-05 5e-05
-124 3e-05 4e-05
-123 0 5e-05
-122 0.00011 0.0001
-121 0.00013 8e-05
-120 6e-05 0.0001
-119 0.00012 0.00013
-118 0.00014 0.00015
-117 0.00019 0.00011
-116 0.00018 0.00018
-115 0.00022 0.00022
-114 0.00022 0.0002
-113 0.00036 0.0002
-112 0.00032 0.00036
-111 0.00044 0.00042
-110 0.00058 0.00051
-109 0.0006 0.0006
-108 0.00066 0.0008
-107 0.00072 0.0008
-106 0.001 0.00094
-105 0.00128 0.00103
-104 0.0016 0.00154
-103 0.00163 0.00175
-102 0.00194 0.00217
-101 0.00226 0.00262
-100 0.0031 0.00317
-99 0.00319 0.00328
-98 0.0039 0.00389
-97 0.00455 0.0048
-96 0.00605 0.00587
-95 0.00624 0.00715
-94 0.00818 0.00823
-93 0.00935 0.00973
-92 0.01146 0.01136
-91 0.01383 0.01329
-90 0.01616 0.01601
-89 0.01919 0.01849
-88 0.02178 0.02167
-87 0.0252 0.02431
-86 0.02925 0.02912
-85 0.03458 0.03429
-84 0.03932 0.03977
-83 0.04537 0.04522
-82 0.05112 0.05179
-81 0.05672 0.0559
-80 0.06169 0.06143
-79 0.06645 0.06659
-78 0.07053 0.07122
-77 0.07074 0.07118
-76 0.07 0.07055
-75 0.06464 0.06478
-74 0.05709 0.05576
-73 0.04523 0.04527
-72 0.03187 0.03234
-71 0.01996 0.01999
-70 0.0111 0.01065
-69 0.00486 0.00522
-68 0.00168 0.00172
-67 0.00045 0.00051
-66 0.00014 4e-05
-65 1e-05 0

-157 0 1e-05
-149 1e-05 0
-145 0 1e-05
-142 0 2e-05
-141 1e-05 0
-139 1e-05 1e-05
-138 1e-05 2e-05
-137 1e-05 0
-136 1e-05 2e-05
-135 3e-05 4e-05
-134 2e-05 1e-05
-133 2e-05 3e-05
-132 2e-05 2e-05
-131 2e-05 2e-05
-130 5e-05 3e-05
-129 5e-05 8e-05
-128 5e-05 4e-05
-127 0.00011 0.00012
-126 9e-05 8e-05
-125 0.0001 0.00013
-124 5e-05 0.00013
-123 0.00014 9e-05
-122 0.00012 0.00019
-121 0.00019 0.00018
-120 0.00018 0.00024
-119 0.00032 0.00024
-118 0.00021 0.00038
-117 0.00036 0.0003
-116 0.00048 0.00043
-115 0.0005 0.00036
-114 0.00054 0.00046
-113 0.00069 0.0007
-112 0.0009 0.00065
-111 0.00109 0.00091
-110 0.00109 0.00114
-109 0.0013 0.00156
-108 0.00161 0.00174
-107 0.00218 0.00219
-106 0.00214 0.00243
-105 0.00263 0.00305
-104 0.00308 0.00323
-103 0.00361 0.00413
-102 0.00465 0.00455
-101 0.00512 0.00537
-100 0.00669 0.00642
-99 0.0078 0.00734
-98 0.00964 0.00918
-97 0.01124 0.01072
-96 0.01294 0.01254
-95 0.01527 0.0153
-94 0.01785 0.01737
-93 0.02129 0.02073
-92 0.02478 0.02445
-91 0.02874 0.02877
-90 0.03293 0.03254
-89 0.03752 0.03793
-88 0.0428 0.04358
-87 0.04919 0.04923
-86 0.05539 0.05624
-85 0.06113 0.06127
-84 0.06493 0.0664
-83 0.06998 0.06977
-82 0.07058 0.07153
-81 0.07036 0.07078
-80 0.06573 0.06603
-79 0.05886 0.05721
-78 0.04825 0.04669
-77 0.03552 0.03667
-76 0.02378 0.02337
-75 0.01346 0.01327
-74 0.00643 0.00615
-73 0.00247 0.00239
-72 0.00052 0.00065
-71 0.00013 0.00011
-70 0 3e-05

-164 1e-05 0
-156 0 1e-05
-151 2e-05 0
-148 1e-05 0
-146 0 1e-05
-143 0 1e-05
-141 0 3e-05
-140 2e-05 2e-05
-139 1e-05 3e-05
-138 1e-05 1e-05
-137 3e-05 4e-05
-136 2e-05 5e-05
-135 3e-05 2e-05
-134 4e-05 0
-133 4e-05 5e-05
-132 4e-05 5e-05
-131 1e-05 6e-05
-130 4e-05 6e-05
-129 9e-05 9e-05
-128 0.00015 8e-05
-127 0.00013 0.00013
-126 0.00016 0.00014
-125 0.00012 0.00022
-124 0.00019 0.00023
-123 0.00023 0.00016
-122 0.00023 0.00028
-121 0.00038 0.00037
-120 0.00031 0.00028
-119 0.00044 0.00046
-118 0.00061 0.00052
-117 0.00054 0.00056
-116 0.00079 0.00086
-115 0.00108 0.00081
-114 0.00107 0.00111
-113 0.00128 0.001
-112 0.00159 0.00154
-111 0.00184 0.00179
-110 0.00229 0.00224
-109 0.00259 0.00242
-108 0.00343 0.00339
-107 0.00356 0.00384
-106 0.00485 0.00455
-105 0.00511 0.0054
-104 0.00627 0.00593
-103 0.00757 0.00732
-102 0.00896 0.00915
-101 0.00994 0.0105
-100 0.01242 0.01194
-99 0.01435 0.01435
-98 0.01724 0.01648
-97 0.01995 0.02048
-96 0.02351 0.02318
-95 0.02736 0.02724
-94 0.03111 0.03088
-93 0.03549 0.0372
-92 0.0431 0.04152
-91 0.04769 0.04588
-90 0.05345 0.05329
-89 0.05742 0.05956
-88 0.06545 0.06486
-87 0.06985 0.07034
-86 0.07023 0.07011
-85 0.07079 0.0702
-84 0.06605 0.06773
-83 0.06112 0.06058
-82 0.05043 0.05108
-81 0.04033 0.04105
-80 0.02806 0.02711
-79 0.01614 0.01643
-78 0.00794 0.00821
-77 0.00307 0.00333
-76 0.001 0.00089
-75 0.00029 0.00024
-74 3e-05 2e-05

-172 0 1e-05
-171 1e-05 0
-163 0 1e-05
-152 0 1e-05
-151 1e-05 1e-05
-150 0 1e-05
-149 0 1e-05
-146 1e-05 0
-145 2e-05 2e-05
-144 1e-05 1e-05
-143 0 2e-05
-141 3e-05 4e-05
-140 1e-05 3e-05
-139 3e-05 1e-05
-138 5e-05 3e-05
-137 2e-05 1e-05
-136 9e-05 3e-05
-135 7e-05 8e-05
-134 7e-05 6e-05
-133 9e-05 8e-05
-132 9e-05 9e-05
-131 0.00012 0.00016
-130 0.00013 0.00017
-129 0.00011 0.00015
-128 0.00012 0.00019
-127 0.00019 0.00012
-126 0.00026 0.00021
-125 0.00031 0.00022
-124 0.00029 0.00035
-123 0.00041 0.00052
-122 0.0005 0.0004
-121 0.00057 0.00056
-120 0.0006 0.00061
-119 0.00076 0.00069
-118 0.00093 0.00081
-117 0.00123 0.00107
-116 0.00143 0.00131
-115 0.00169 0.0016
-114 0.00189 0.00186
-113 0.00231 0.00211
-112 0.00246 0.0022
-111 0.00326 0.00334
-110 0.00349 0.00355
-109 0.00473 0.0045
-108 0.00525 0.00519
-107 0.00633 0.00582
-106 0.00717 0.00725
-105 0.00855 0.00835
-104 0.00965 0.01009
-103 0.012 0.01222
-102 0.01466 0.01461
-101 0.01651 0.01674
-100 0.01926 0.02018
-99 0.02321 0.02389
-98 0.02714 0.02665
-97 0.03136 0.03234
-96 0.03709 0.03577
-95 0.04237 0.04164
-94 0.04768 0.04747
-93 0.05296 0.05413
-92 0.05913 0.05965
-91 0.0649 0.06461
-90 0.06817 0.07004
-89 0.07026 0.07128
-88 0.07238 0.07138
-87 0.06822 0.06744
-86 0.06051 0.06083
-85 0.05117 0.04906
-84 0.04014 0.03985
-83 0.02642 0.02702
-82 0.01694 0.01668
-81 0.00791 0.00823
-80 0.00296 0.0032
-79 0.00103 0.00085
-78 0.00023 0.00023
-77 4e-05 4e-05

-163 0 1e-05
-157 1e-05 0
-156 0 1e-05
-154 0 1e-05
-153 0 2e-05
-151 1e-05 1e-05
-150 0 1e-05
-148 3e-05 0
-147 1e-05 1e-05
-146 1e-05 1e-05
-145 2e-05 3e-05
-144 2e-05 3e-05
-143 0 3e-05
-142 3e-05 2e-05
-141 2e-05 5e-05
-140 4e-05 2e-05
-139 3e-05 6e-05
-138 7e-05 2e-05
-137 4e-05 6e-05
-136 7e-05 0.00012
-135 6e-05 2e-05
-134 0.0001 0.0001
-133 9e-05 0.00011
-132 0.00019 0.00015
-131 0.00018 0.00022
-130 0.0002 0.00015
-129 0.0002 0.00014
-128 0.00025 0.0003
-127 0.00031 0.00036
-126 0.00045 0.00038
-125 0.00041 0.00045
-124 0.0004 0.00059
-123 0.00054 0.00053
-122 0.00077 0.00056
-121 0.00091 0.00094
-120 0.00116 0.00078
-119 0.00109 0.00134
-118 0.00151 0.00128
-117 0.0018 0.0019
-116 0.00188 0.00227
-115 0.00248 0.00264
-114 0.00302 0.00311
-113 0.00333 0.00377
-112 0.00395 0.00392
-111 0.0049 0.00496
-110 0.00559 0.00546
-109 0.00661 0.00635
-108 0.00788 0.00763
-107 0.00964 0.00891
-106 0.01196 0.01093
-105 0.01352 0.01355
-104 0.01553 0.01609
-103 0.01822 0.01804
-102 0.02125 0.02134
-101 0.0252 0.02574
-100 0.0283 0.02945
-99 0.03446 0.03459
-98 0.03939 0.03926
-97 0.04579 0.04583
-96 0.05155 0.05034
-95 0.05719 0.05643
-94 0.06167 0.06256
-93 0.06593 0.06733
-92 0.07114 0.06912
-91 0.07354 0.07105
-90 0.06939 0.07069
-89 0.06403 0.06486
-88 0.05449 0.05582
-87 0.04552 0.04485
-86 0.0324 0.03268
-85 0.02087 0.02055
-84 0.01132 0.01149
-83 0.00497 0.00524
-82 0.00166 0.00174
-81 0.00027 0.00049
-80 0.00012 7e-05
-79 1e-05 2e-05

-167 1e-05 0
-157 2e-05 0
-155 1e-05 1e-05
-153 1e-05 0
-151 0 2e-05
-150 1e-05 0
-149 0 2e-05
-147 3e-05 3e-05
-146 4e-05 3e-05
-145 0 2e-05
-144 4e-05 2e-05
-143 1e-05 3e-05
-142 1e-05 2e-05
-141 3e-05 4e-05
-140 1e-05 7e-05
-139 3e-05 2e-05
-138 9e-05 7e-05
-137 8e-05 6e-05
-136 8e-05 9e-05
-135 0.00014 0.0001
-134 0.00014 0.00014
-133 0.00018 0.00021
-132 0.0001 0.00024
-131 0.00023 0.00025
-130 0.00022 0.00028
-129 0.00039 0.00032
-128 0.00037 0.00032
-127 0.00038 0.00038
-126 0.00051 0.00058
-125 0.00047 0.00068
-124 0.00067 0.00064
-123 0.00086 0.0009
-122 0.0012 0.00122
-121 0.00124 0.00106
-120 0.00134 0.0015
-119 0.00189 0.00192
-118 0.00222 0.00212
-117 0.00256 0.0025
-116 0.00279 0.00309
-115 0.00335 0.00371
-114 0.0045 0.00408
-113 0.00509 0.00465
-112 0.00573 0.00632
-111 0.00715 0.00683
-110 0.00886 0.00837
-109 0.0095 0.00918
-108 0.01187 0.0117
-107 0.01417 0.01289
-106 0.01626 0.01643
-105 0.01904 0.01975
-104 0.02235 0.0218
-103 0.02566 0.02636
-102 0.0307 0.0297
-101 0.03606 0.03479
-100 0.04039 0.0395
-99 0.04629 0.04601
-98 0.05278 0.05399
-97 0.05868 0.0584
-96 0.06221 0.06458
-95 0.06802 0.06698
-94 0.06938 0.06916
-93 0.07225 0.07123
-92 0.06772 0.06821
-91 0.06183 0.0626
-90 0.05437 0.05415
-89 0.04259 0.04239
-88 0.03025 0.03218
-87 0.01873 0.01869
-86 0.00955 0.01053
-85 0.00444 0.00422
-84 0.00144 0.00125
-83 0.00031 0.00031
-82 5e-05 6e-05
-81 2e-05 0

-156 0 1e-05
-153 1e-05 0
-152 2e-05 0
-151 1e-05 2e-05
-150 3e-05 0
-149 1e-05 1e-05
-147 1e-05 4e-05
-146 3e-05 4e-05
-145 0 2e-05
-144 3e-05 1e-05
-143 2e-05 5e-05
-142 4e-05 6e-05
-141 4e-05 4e-05
-140 3e-05 2e-05
-139 9e-05 7e-05
-138 3e-05 8e-05
-137 0.00018 0.00013
-136 0.0002 0.00014
-135 0.00021 0.00017
-134 0.00025 0.00021
-133 0.00024 0.00022
-132 0.00022 0.00025
-131 0.00033 0.00024
-130 0.00032 0.00046
-129 0.0004 0.0004
-128 0.00051 0.00048
-127 0.0007 0.00063
-126 0.00073 0.00066
-125 0.00084 0.00084
-124 0.00101 0.00117
-123 0.00141 0.00113
-122 0.00143 0.00141
-121 0.00158 0.0017
-120 0.00217 0.00238
-119 0.00242 0.00245
-118 0.00304 0.00299
-117 0.00355 0.00355
-116 0.0042 0.004
-115 0.00539 0.00461
-114 0.00558 0.00593
-113 0.00718 0.00703
-112 0.00836 0.00807
-111 0.00948 0.00918
-110 0.0114 0.01148
-109 0.01338 0.01399
-108 0.01579 0.01623
-107 0.0198 0.01868
-106 0.02199 0.02197
-105 0.02606 0.02673
-104 0.03092 0.03023
-103 0.03424 0.03533
-102 0.03999 0.03948
-101 0.0458 0.0466
-100 0.05133 0.05071
-99 0.05741 0.05785
-98 0.06201 0.06405
-97 0.06835 0.0665
-96 0.0711 0.07041
-95 0.07227 0.07157
-94 0.06929 0.06935
-93 0.06324 0.06384
-92 0.0542 0.05423
-91 0.04253 0.04297
-90 0.0312 0.03046
-89 0.01894 0.01909
-88 0.01021 0.01083
-87 0.00412 0.00462
-86 0.00164 0.00153
-85 0.00039 0.00032
-84 7e-05 5e-05

-159 2e-05 0
-158 1e-05 0
-157 1e-05 1e-05
-155 0 1e-05
-154 0 2e-05
-153 2e-05 0
-152 2e-05 0
-151 2e-05 2e-05
-150 1e-05 3e-05
-149 2e-05 2e-05
-148 3e-05 2e-05
-147 1e-05 6e-05
-146 1e-05 7e-05
-145 6e-05 2e-05
-144 5e-05 7e-05
-143 1e-05 6e-05
-142 8e-05 8e-05
-141 0.00011 6e-05
-140 7e-05 8e-05
-139 8e-05 0.00013
-138 0.00013 0.00011
-137 0.0002 0.00014
-136 0.00015 0.00016
-135 0.00022 0.0002
-134 0.00021 0.0002
-133 0.00021 0.00031
-132 0.00029 0.0003
-131 0.00044 0.00038
-130 0.00053 0.00061
-129 0.00057 0.00068
-128 0.00058 0.00076
-127 0.00078 0.00088
-126 0.00084 0.00117
-125 0.00119 0.0012
-124 0.00144 0.00158
-123 0.00149 0.00181
-122 0.00191 0.00185
-121 0.00219 0.00244
-120 0.00283 0.00313
-119 0.00353 0.00348
-118 0.00426 0.00452
-117 0.00506 0.00493
-116 0.00546 0.00553
-115 0.00667 0.00607
-114 0.00827 0.00836
-113 0.0091 0.00896
-112 0.01094 0.01121
-111 0.0135 0.01271
-110 0.01557 0.01461
-109 0.01814 0.01841
-108 0.02104 0.02146
-107 0.02502 0.02491
-106 0.02937 0.0295
-105 0.03279 0.03377
-104 0.03878 0.03848
-103 0.04384 0.04422
-102 0.04881 0.04954
-101 0.05617 0.05522
-100 0.06158 0.06115
-99 0.06664 0.0668
-98 0.07048 0.06929
-97 0.07225 0.07211
-96 0.06963 0.07195
-95 0.06571 0.06397
-94 0.05765 0.05758
-93 0.04664 0.04641
-92 0.0331 0.03395
-91 0.0224 0.02211
-90 0.01244 0.01229
-89 0.00583 0.00536
-88 0.00184 0.0019
-87 0.00055 0.00046
-86 9e-05 9e-05
-85 1e-05 2e-05

-180 1e-05 0
-164 0 1e-05
-162 0 1e-05
-161 0 2e-05
-159 1e-05 2e-05
-157 0 4e-05
-156 0 1e-05
-154 2e-05 2e-05
-152 3e-05 2e-05
-149 3e-05 2e-05
-148 5e-05 2e-05
-147 3e-05 8e-05
-146 1e-05 2e-05
-145 3e-05 7e-05
-144 8e-05 4e-05
-143 8e-05 6e-05
-142 0.00013 6e-05
-141 9e-05 9e-05
-140 0.00015 0.00015
-139 0.00019 0.00013
-138 0.00018 0.00019
-137 0.00024 0.00017
-136 0.00022 0.00025
-135 0.00023 0.00029
-134 0.00033 0.0003
-133 0.0004 0.00032
-132 0.00053 0.00045
-131 0.00056 0.00057
-130 0.00052 0.00056
-129 0.00075 0.0007
-128 0.00091 0.00088
-127 0.00115 0.00109
-126 0.00122 0.0013
-125 0.00146 0.00163
-124 0.002 0.00183
-123 0.00225 0.00215
-122 0.00289 0.00295
-121 0.00318 0.00296
-120 0.00353 0.00368
-119 0.00457 0.00459
-118 0.00539 0.00502
-117 0.00598 0.00628
-116 0.007 0.00684
-115 0.00876 0.00845
-114 0.01024 0.01059
-113 0.01246 0.01202
-112 0.014 0.01464
-111 0.01714 0.01671
-110 0.01908 0.02006
-109 0.02279 0.02257
-108 0.02762 0.02734
-107 0.0323 0.03203
-106 0.03599 0.03776
-105 0.04216 0.04283
-104 0.04732 0.04768
-103 0.0536 0.05529
-102 0.06052 0.05889
-101 0.06487 0.0651
-100 0.06808 0.06664
-99 0.07166 0.07055
-98 0.07053 0.07197
-97 0.06732 0.06618
-96 0.06097 0.0617
-95 0.051 0.05181
-94 0.03947 0.03896
-93 0.02763 0.02624
-92 0.01601 0.01581
-91 0.00837 0.00785
-90 0.00267 0.00319
-89 0.00083 0.00101
-88 0.00015 0.00018
-87 3e-05 6e-05

-186 1e-05 0
-161 1e-05 0
-159 1e-05 1e-05
-158 0 1e-05
-156 1e-05 1e-05
-154 3e-05 2e-05
-153 1e-05 1e-05
-152 2e-05 3e-05
-151 2e-05 2e-05
-150 4e-05 2e-05
-149 2e-05 1e-05
-148 2e-05 7e-05
-147 5e-05 5e-05
-146 6e-05 6e-05
-145 7e-05 0.0001
-144 9e-05 8e-05
-143 6e-05 6e-05
-142 0.00011 7e-05
-141 5e-05 0.00016
-140 0.00021 0.00016
-139 0.00012 0.00015
-138 0.0001 0.00017
-137 0.00021 0.00019
-136 0.00027 0.00037
-135 0.00025 0.0003
-134 0.00043 0.00038
-133 0.00062 0.00056
-132 0.00062 0.0006
-131 0.00072 0.00074
-130 0.00077 0.00096
-129 0.00098 0.00097
-128 0.0012 0.00124
-127 0.00143 0.00156
-126 0.00177 0.00171
-125 0.0021 0.00194
-124 0.00237 0.00251
-123 0.00275 0.00264
-122 0.00324 0.0037
-121 0.00437 0.00399
-120 0.00495 0.00448
-119 0.00558 0.00573
-118 0.00717 0.00649
-117 0.00779 0.00784
-116 0.00934 0.00988
-115 0.0109 0.01106
-114 0.01325 0.0126
-113 0.01526 0.01516
-112 0.01718 0.01804
-111 0.02096 0.0216
-110 0.02427 0.02467
-109 0.02827 0.02882
-108 0.03369 0.03326
-107 0.03965 0.03864
-106 0.04556 0.04447
-105 0.05036 0.05089
-104 0.05485 0.05634
-103 0.06093 0.06257
-102 0.06788 0.06648
-101 0.07091 0.07046
-100 0.0704 0.07122
-99 0.06996 0.07024
-98 0.0652 0.06545
-97 0.05724 0.05618
-96 0.04631 0.04581
-95 0.0335 0.03327
-94 0.02211 0.022
-93 0.01266 0.01263
-92 0.00579 0.00537
-91 0.0022 0.002
-90 0.00055 0.00064
-89 9e-05 7e-05
-88 2e-05 1e-05

-179 1e-05 0
-163 1e-05 0
-161 1e-05 0
-160 2e-05 1e-05
-158 0 2e-05
-157 1e-05 0
-156 1e-05 0
-155 0 1e-05
-154 1e-05 2e-05
-153 1e-05 3e-05
-152 9e-05 2e-05
-151 1e-05 0
-150 6e-05 7e-05
-149 4e-05 3e-05
-148 4e-05 4e-05
-147 7e-05 5e-05
-146 4e-05 4e-05
-145 0.00017 8e-05
-144 0.00011 0.0001
-143 0.00014 0.00011
-142 8e-05 0.00016
-141 0.00017 0.00017
-140 0.00025 0.0002
-139 0.00018 0.00017
-138 0.00031 0.00026
-137 0.00033 0.00031
-136 0.00042 0.00033
-135 0.00043 0.00048
-134 0.00053 0.00053
-133 0.00043 0.00057
-132 0.00072 0.0008
-131 0.00089 0.00089
-130 0.00095 0.00125
-129 0.00119 0.00129
-128 0.0018 0.00163
-127 0.00169 0.0019
-126 0.00217 0.0022
-125 0.00245 0.00252
-124 0.00319 0.00311
-123 0.00363 0.00335
-122 0.00414 0.00435
-121 0.00495 0.0051
-120 0.00588 0.0063
-119 0.00697 0.0073
-118 0.00832 0.00868
-117 0.00902 0.00972
-116 0.01119 0.01194
-115 0.01339 0.01369
-114 0.01644 0.01645
-113 0.01949 0.01861
-112 0.02271 0.02282
-111 0.02639 0.02571
-110 0.03017 0.03019
-109 0.03608 0.0346
-108 0.04141 0.04011
-107 0.04673 0.04551
-106 0.0511 0.05253
-105 0.05858 0.05947
-104 0.06313 0.06176
-103 0.06853 0.06768
-102 0.07019 0.07198
-101 0.06896 0.07062
-100 0.0687 0.06798
-99 0.06401 0.06382
-98 0.05343 0.05416
-97 0.04179 0.0423
-96 0.03134 0.02942
-95 0.0183 0.01895
-94 0.00985 0.00975
-93 0.0044 0.00411
-92 0.00128 0.00125
-91 0.00037 0.00035
-90 8e-05 2e-05
-89 1e-05 1e-05
-88 0 1e-05

-165 2e-05 0
-163 0 1e-05
-162 0 1e-05
-161 1e-05 0
-159 0 1e-05
-156 3e-05 2e-05
-155 2e-05 3e-05
-154 0 2e-05
-153 2e-05 4e-05
-152 3e-05 5e-05
-151 2e-05 4e-05
-150 2e-05 3e-05
-149 3e-05 6e-05
-148 3e-05 4e-05
-147 8e-05 8e-05
-146 3e-05 0.00012
-145 6e-05 0.00012
-144 0.0001 0.0001
-143 0.00012 0.00014
-142 0.00014 0.0002
-141 0.00023 0.0002
-140 0.00029 0.0003
-139 0.00029 0.0002
-138 0.00026 0.00033
-137 0.00036 0.00056
-136 0.00042 0.00053
-135 0.00055 0.00059
-134 0.00063 0.00061
-133 0.00083 0.00087
-132 0.0008 0.00084
-131 0.00116 0.00101
-130 0.00121 0.00142
-129 0.00165 0.00178
-128 0.00219 0.00208
-127 0.00232 0.00244
-126 0.00274 0.0027
-125 0.00315 0.00314
-124 0.00337 0.00387
-123 0.00422 0.00454
-122 0.00538 0.005
-121 0.00608 0.00634
-120 0.00771 0.00743
-119 0.00851 0.00854
-118 0.01046 0.01012
-117 0.01222 0.01189
-116 0.01463 0.01492
-115 0.01687 0.01675
-114 0.01951 0.02038
-113 0.02258 0.02285
-112 0.02608 0.02703
-111 0.03199 0.03027
-110 0.03673 0.03648
-109 0.04292 0.04103
-108 0.04704 0.0467
-107 0.05231 0.05441
-106 0.06085 0.05782
-105 0.06313 0.06385
-104 0.0692 0.06976
-103 0.07062 0.07057
-102 0.0706 0.0712
-101 0.06816 0.06677
-100 0.06157 0.06176
-99 0.05156 0.05287
-98 0.04009 0.03997
-97 0.02725 0.02703
-96 0.01612 0.01652
-95 0.00798 0.00793
-94 0.0031 0.00353
-93 0.00104 0.00091
-92 0.00026 0.00022
-91 2e-05 2e-05

-169 0 1e-05
-166 2e-05 0
-164 1e-05 1e-05
-162 1e-05 0
-161 3e-05 1e-05
-160 0 1e-05
-159 0 2e-05
-158 2e-05 2e-05
-157 0 1e-05
-156 5e-05 3e-05
-155 0 2e-05
-154 4e-05 2e-05
-153 1e-05 2e-05
-152 3e-05 2e-05
-151 9e-05 5e-05
-150 4e-05 7e-05
-149 7e-05 6e-05
-148 0.0001 5e-05
-147 0.00012 9e-05
-146 0.00012 0.0001
-145 0.00013 7e-05
-144 0.00012 0.00012
-143 0.00015 0.00016
-142 0.00017 0.00015
-141 0.00018 0.00021
-140 0.00026 0.0004
-139 0.00038 0.00029
-138 0.0004 0.00036
-137 0.0005 0.0005
-136 0.0007 0.0004
-135 0.00063 0.00056
-134 0.00088 0.00092
-133 0.0008 0.00092
-132 0.0013 0.00127
-131 0.00129 0.0012
-130 0.00148 0.00165
-129 0.00219 0.00182
-128 0.00219 0.00227
-127 0.00295 0.00254
-126 0.00343 0.00302
-125 0.00391 0.00399
-124 0.00465 0.00421
-123 0.00528 0.00531
-122 0.00646 0.00606
-121 0.00772 0.00715
-120 0.0085 0.0083
-119 0.0103 0.01013
-118 0.0122 0.01227
-117 0.01456 0.01536
-116 0.01746 0.0171
-115 0.02032 0.02092
-114 0.02282 0.02343
-113 0.02773 0.0279
-112 0.03261 0.03262
-111 0.03618 0.03712
-110 0.04215 0.04254
-109 0.04805 0.04791
-108 0.05319 0.05536
-107 0.06032 0.05937
-106 0.0645 0.06403
-105 0.07103 0.06881
-104 0.07045 0.07164
-103 0.07174 0.07206
-102 0.06783 0.06629
-101 0.06031 0.05956
-100 0.04966 0.05046
-99 0.0365 0.03857
-98 0.02595 0.02564
-97 0.01506 0.01505
-96 0.0076 0.00754
-95 0.003 0.00284
-94 0.00087 0.00089
-93 0.00018 0.00012
-92 2e-05 0

-176 0 1e-05
-174 0 1e-05
-166 0 1e-05
-165 0 1e-05
-163 0 2e-05
-162 1e-05 1e-05
-161 4e-05 2e-05
-160 1e-05 2e-05
-159 3e-05 2e-05
-158 1e-05 4e-05
-157 4e-05 1e-05
-156 3e-05 0
-155 3e-05 7e-05
-154 2e-05 3e-05
-153 4e-05 5e-05
-152 4e-05 7e-05
-151 3e-05 8e-05
-150 8e-05 8e-05
-149 0.00012 4e-05
-148 0.00011 7e-05
-147 0.0001 6e-05
-146 7e-05 0.00015
-145 0.00016 0.00015
-144 8e-05 0.00015
-143 0.00026 0.00021
-142 0.00033 0.00021
-141 0.00024 0.00038
-140 0.00038 0.00024
-139 0.0004 0.00031
-138 0.00042 0.0005
-137 0.00057 0.00074
-136 0.00075 0.00066
-135 0.00079 0.00075
-134 0.00084 0.001
-133 0.00138 0.00112
-132 0.00132 0.00144
-131 0.00156 0.00164
-130 0.00212 0.00194
-129 0.00197 0.00251
-128 0.00282 0.00252
-127 0.00318 0.00343
-126 0.0037 0.00362
-125 0.00515 0.00497
-124 0.00518 0.00524
-123 0.0066 0.00633
-122 0.00767 0.00798
-121 0.00908 0.0089
-120 0.01048 0.01121
-119 0.01289 0.01322
-118 0.01457 0.01466
-117 0.01679 0.01767
-116 0.02036 0.02047
-115 0.02395 0.02363
-114 0.029 0.02758
-113 0.03092 0.03217
-112 0.03732 0.03739
-111 0.04279 0.04297
-110 0.0489 0.04856
-109 0.05584 0.05461
-108 0.06096 0.06084
-107 0.06642 0.06524
-106 0.06905 0.07012
-105 0.06999 0.07167
-104 0.0701 0.06933
-103 0.06602 0.06566
-102 0.05887 0.06011
-101 0.04908 0.04866
-100 0.03786 0.03672
-99 0.02486 0.02505
-98 0.01457 0.01437
-97 0.00722 0.00668
-96 0.00253 0.00259
-95 0.00075 0.00084
-94 0.00013 0.00013
-93 2e-05 3e-05

-175 0 1e-05
-170 1e-05 0
-167 0 1e-05
-164 1e-05 1e-05
-163 0 2e-05
-162 2e-05 1e-05
-161 3e-05 0
-160 1e-05 1e-05
-159 1e-05 1e-05
-158 2e-05 5e-05
-157 3e-05 2e-05
-156 1e-05 2e-05
-155 4e-05 1e-05
-154 2e-05 1e-05
-153 5e-05 5e-05
-152 5e-05 6e-05
-151 5e-05 2e-05
-150 9e-05 8e-05
-149 9e-05 3e-05
-148 0.00013 0.00015
-147 0.0001 0.00014
-146 0.00017 0.00019
-145 0.00012 0.00015
-144 0.00023 0.00021
-143 0.0002 0.00033
-142 0.00027 0.00024
-141 0.00035 0.00036
-140 0.00039 0.00037
-139 0.00047 0.00042
-138 0.00055 0.00052
-137 0.0006 0.0007
-136 0.00084 0.0009
-135 0.00087 0.00092
-134 0.00108 0.00099
-133 0.00123 0.00133
-132 0.00168 0.00154
-131 0.00203 0.00194
-130 0.00237 0.00232
-129 0.00276 0.00249
-128 0.0031 0.00315
-127 0.00369 0.00395
-126 0.00422 0.00466
-125 0.00533 0.00543
-124 0.006 0.00614
-123 0.00752 0.00745
-122 0.00934 0.0088
-121 0.01039 0.01055
-120 0.01235 0.01306
-119 0.01513 0.01478
-118 0.01814 0.01725
-117 0.02091 0.0203
-116 0.02413 0.0246
-115 0.0271 0.02809
-114 0.0329 0.03295
-113 0.03801 0.03759
-112 0.04212 0.04342
-111 0.0488 0.04891
-110 0.05436 0.05339
-109 0.06119 0.06112
-108 0.06415 0.06489
-107 0.06933 0.06836
-106 0.0705 0.0704
-105 0.07099 0.07096
-104 0.0671 0.06669
-103 0.05915 0.05876
-102 0.04907 0.04867
-101 0.03642 0.03774
-100 0.02588 0.02607
-99 0.01523 0.01458
-98 0.00681 0.00702
-97 0.00263 0.00277
-96 0.00088 0.00075
-95 0.00012 0.0001
-94 3e-05 1e-05

-170 2e-05 1e-05
-169 1e-05 0
-166 0 2e-05
-165 1e-05 0
-164 0 1e-05
-163 0 1e-05
-161 2e-05 2e-05
-160 2e-05 0
-159 1e-05 6e-05
-158 1e-05 0
-157 2e-05 2e-05
-156 3e-05 4e-05
-155 0 2e-05
-154 6e-05 1e-05
-153 2e-05 4e-05
-152 1e-05 8e-05
-151 4e-05 7e-05
-150 0.0001 6e-05
-149 9e-05 8e-05
-148 0.0001 0.00013
-147 0.00013 0.00016
-146 0.00021 0.00019
-145 0.00019 0.00024
-144 0.0003 0.00023
-143 0.00028 0.00026
-142 0.00033 0.00042
-141 0.00038 0.00048
-140 0.00043 0.00055
-139 0.00066 0.00042
-138 0.00073 0.00068
-137 0.00062 0.00086
-136 0.0009 0.00095
-135 0.00106 0.00116
-134 0.00124 0.00114
-133 0.00152 0.00175
-132 0.00198 0.002
-131 0.00207 0.00244
-130 0.00272 0.00234
-129 0.00317 0.003
-128 0.00393 0.00372
-127 0.00454 0.00444
-126 0.00537 0.00508
-125 0.00651 0.0067
-124 0.00756 0.00702
-123 0.00903 0.00904
-122 0.00991 0.01037
-121 0.01229 0.01178
-120 0.01418 0.01492
-119 0.01735 0.0169
-118 0.02039 0.02107
-117 0.02369 0.02441
-116 0.02779 0.02748
-115 0.03244 0.03196
-114 0.03806 0.03566
-113 0.04273 0.04288
-112 0.04889 0.04805
-111 0.05326 0.05395
-110 0.06024 0.06047
-109 0.0644 0.06506
-108 0.06782 0.06974
-107 0.07243 0.07148
-106 0.06969 0.07095
-105 0.06816 0.0663
-104 0.05963 0.06049
-103 0.04995 0.04996
-102 0.03872 0.0386
-101 0.02578 0.02498
-100 0.01405 0.01507
-99 0.00788 0.00755
-98 0.00288 0.0029
-97 0.00085 0.00088
-96 0.00011 0.00017
-95 0 2e-05

-179 1e-05 0
-174 0 1e-05
-169 0 1e-05
-168 0 2e-05
-166 2e-05 1e-05
-165 1e-05 0
-164 0 1e-05
-163 1e-05 0
-162 2e-05 1e-05
-161 1e-05 2e-05
-160 1e-05 2e-05
-159 1e-05 2e-05
-158 2e-05 2e-05
-157 3e-05 3e-05
-156 5e-05 0
-155 6e-05 6e-05
-154 4e-05 7e-05
-153 4e-05 9e-05
-152 6e-05 3e-05
-151 8e-05 0.00012
-150 8e-05 9e-05
-149 0.00015 0.0001
-148 0.00016 0.00015
-147 0.00019 0.00023
-146 0.0003 0.00022
-145 0.00027 0.00021
-144 0.00022 0.00024
-143 0.00033 0.00038
-142 0.00039 0.0004
-141 0.00036 0.00057
-140 0.00056 0.00056
-139 0.00068 0.00066
-138 0.00074 0.00095
-137 0.00102 0.00111
-136 0.00107 0.00122
-135 0.00127 0.00131
-134 0.00151 0.00175
-133 0.00171 0.00197
-132 0.00218 0.00218
-131 0.00268 0.00236
-130 0.00313 0.00342
-129 0.00383 0.00381
-128 0.00434 0.00448
-127 0.00531 0.00494
-126 0.00609 0.00658
-125 0.00699 0.00756
-124 0.00915 0.00836
-123 0.0108 0.01028
-122 0.01166 0.01204
-121 0.01408 0.0144
-120 0.01688 0.01658
-119 0.0199 0.01963
-118 0.02391 0.02338
-117 0.02726 0.0272
-116 0.03143 0.03187
-115 0.03706 0.03727
-114 0.04196 0.04286
-113 0.0465 0.04842
-112 0.05322 0.05239
-111 0.05926 0.05835
-110 0.06319 0.06328
-109 0.06782 0.06855
-108 0.07146 0.07098
-107 0.07087 0.07252
-106 0.06797 0.06702
-105 0.06072 0.06098
-104 0.05245 0.05138
-103 0.03992 0.03919
-102 0.02763 0.02618
-101 0.01577 0.01618
-100 0.00826 0.00813
-99 0.00346 0.00342
-98 0.00102 0.00096
-97 0.00033 0.00016
-96 2e-05 3e-05
-94 0 1e-05

-179 1e-05 0
-172 0 1e-05
-171 0 2e-05
-170 2e-05 0
-168 1e-05 0
-166 0 1e-05
-165 1e-05 0
-164 3e-05 2e-05
-163 0 1e-05
-162 3e-05 1e-05
-161 2e-05 4e-05
-160 1e-05 1e-05
-159 2e-05 1e-05
-158 4e-05 4e-05
-157 3e-05 4e-05
-156 1e-05 2e-05
-155 3e-05 3e-05
-154 6e-05 5e-05
-153 8e-05 2e-05
-152 8e-05 5e-05
-151 9e-05 4e-05
-150 0.00013 0.00017
-149 0.00013 0.00019
-148 9e-05 0.00017
-147 0.00019 0.00031
-146 0.00015 0.00027
-145 0.00023 0.0004
-144 0.00038 0.00041
-143 0.00028 0.00034
-142 0.00032 0.00048
-141 0.00053 0.00045
-140 0.00063 0.00061
-139 0.00068 0.00087
-138 0.00105 0.00085
-137 0.00123 0.0012
-136 0.00139 0.00118
-135 0.00157 0.00144
-134 0.00186 0.00193
-133 0.00216 0.00244
-132 0.00267 0.00234
-131 0.00292 0.00297
-130 0.00354 0.0036
-129 0.0043 0.00457
-128 0.0046 0.0054
-127 0.00565 0.00582
-126 0.00724 0.00689
-125 0.00839 0.00771
-124 0.01026 0.01075
-123 0.01229 0.01248
-122 0.01371 0.01364
-121 0.01604 0.01627
-120 0.01941 0.01919
-119 0.02396 0.02306
-118 0.02684 0.02808
-117 0.03185 0.03068
-116 0.03642 0.03527
-115 0.04086 0.04137
-114 0.04656 0.04702
-113 0.05321 0.05258
-112 0.05857 0.05854
-111 0.06469 0.0641
-110 0.06751 0.06798
-109 0.07121 0.07085
-108 0.07024 0.07051
-107 0.06841 0.06851
-106 0.06218 0.06175
-105 0.05161 0.05371
-104 0.04046 0.04125
-103 0.02883 0.0281
-102 0.01784 0.01673
-101 0.00893 0.00909
-100 0.00371 0.00374
-99 0.00117 0.0011
-98 0.00028 0.00019
-97 6e-05 2e-05

-196 1e-05 0
-177 0 1e-05
-175 1e-05 0
-172 1e-05 0
-171 0 1e-05
-168 0 1e-05
-167 2e-05 1e-05
-166 0 1e-05
-165 1e-05 0
-164 1e-05 0
-163 1e-05 2e-05
-162 1e-05 0
-161 1e-05 0
-160 4e-05 3e-05
-159 4e-05 1e-05
-158 5e-05 2e-05
-157 3e-05 4e-05
-156 2e-05 8e-05
-155 7e-05 4e-05
-154 6e-05 5e-05
-153 0.00012 0.00013
-152 0.0001 6e-05
-151 8e-05 7e-05
-150 0.00011 8e-05
-149 0.00017 0.00016
-148 0.00017 0.00018
-147 0.00029 0.00023
-146 0.00024 0.00024
-145 0.00023 0.00031
-144 0.0003 0.00043
-143 0.00042 0.00047
-142 0.0005 0.00057
-141 0.00049 0.00063
-140 0.0007 0.00085
-139 0.00097 0.00099
-138 0.00111 0.00107
-137 0.00108 0.00136
-136 0.00142 0.00134
-135 0.00169 0.00162
-134 0.00202 0.00224
-133 0.002 0.00251
-132 0.00318 0.00265
-131 0.00331 0.00332
-130 0.00406 0.00412
-129 0.00513 0.00469
-128 0.00579 0.00607
-127 0.00727 0.00759
-126 0.00845 0.00811
-125 0.01018 0.00913
-124 0.01143 0.01168
-123 0.01422 0.01373
-122 0.0162 0.01545
-121 0.01888 0.01834
-120 0.02184 0.02224
-119 0.02511 0.02534
-118 0.03002 0.03004
-117 0.0347 0.03539
-116 0.04143 0.04045
-115 0.04654 0.04709
-114 0.05091 0.05208
-113 0.05756 0.05694
-112 0.064 0.06097
-111 0.06725 0.0694
-110 0.06971 0.07196
-109 0.0716 0.07075
-108 0.06909 0.0675
-107 0.06347 0.06347
-106 0.05463 0.0548
-105 0.04393 0.0439
-104 0.03011 0.03078
-103 0.01913 0.01909
-102 0.01026 0.0102
-101 0.00415 0.0047
-100 0.00148 0.00157
-99 0.00027 0.00053
-98 8e-05 4e-05
-97 0 1e-05
-96 1e-05 0

-186 1e-05 0
-174 0 2e-05
-172 1e-05 0
-170 1e-05 2e-05
-168 0 1e-05
-167 1e-05 0
-166 0 1e-05
-165 0 1e-05
-164 0 2e-05
-163 2e-05 2e-05
-162 0 1e-05
-161 2e-05 1e-05
-160 2e-05 4e-05
-159 2e-05 4e-05
-158 9e-05 9e-05
-157 5e-05 4e-05
-156 5e-05 5e-05
-155 3e-05 5e-05
-154 5e-05 6e-05
-153 6e-05 7e-05
-152 0.00012 0.00012
-151 9e-05 0.00014
-150 0.0002 0.0001
-149 0.00015 0.00013
-148 0.00023 0.00015
-147 0.00029 0.00025
-146 0.00036 0.00038
-145 0.0003 0.00043
-144 0.0005 0.00044
-143 0.00049 0.00043
-142 0.00063 0.00072
-141 0.00069 0.00072
-140 0.00088 0.00062
-139 0.001 0.00109
-138 0.0013 0.00107
-137 0.00134 0.00148
-136 0.00167 0.0016
-135 0.00219 0.00182
-134 0.00243 0.00255
-133 0.00268 0.00273
-132 0.00336 0.00336
-131 0.00389 0.00416
-130 0.00463 0.00471
-129 0.00558 0.0056
-128 0.00636 0.00658
-127 0.00849 0.00799
-126 0.00974 0.00938
-125 0.01103 0.01117
-124 0.01293 0.01341
-123 0.01572 0.01556
-122 0.0181 0.01836
-121 0.0204 0.02188
-120 0.02469 0.02466
-119 0.02888 0.02834
-118 0.03359 0.03353
-117 0.03819 0.03878
-116 0.04395 0.04338
-115 0.0504 0.04956
-114 0.05555 0.05572
-113 0.06217 0.06176
-112 0.06593 0.06693
-111 0.07149 0.07176
-110 0.07184 0.07256
-109 0.06977 0.06974
-108 0.06607 0.0654
-107 0.05675 0.0571
-106 0.046 0.04468
-105 0.03476 0.03393
-104 0.02141 0.02208
-103 0.01184 0.01232
-102 0.00598 0.00551
-101 0.00192 0.00197
-100 0.00052 0.0005
-99 8e-05 9e-05

-182 0 1e-05
-181 1e-05 1e-05
-178 1e-05 0
-176 0 1e-05
-171 1e-05 1e-05
-170 0 1e-05
-169 1e-05 0
-168 1e-05 0
-167 2e-05 1e-05
-166 2e-05 1e-05
-165 1e-05 2e-05
-164 2e-05 2e-05
-163 3e-05 3e-05
-162 3e-05 1e-05
-161 4e-05 1e-05
-160 2e-05 4e-05
-159 4e-05 6e-05
-158 4e-05 5e-05
-157 3e-05 5e-05
-156 3e-05 6e-05
-155 2e-05 5e-05
-154 0.0001 0.00012
-153 0.00011 9e-05
-152 9e-05 0.00013
-151 0.00012 0.00019
-150 0.0002 0.00016
-149 0.00015 0.00018
-148 0.00014 0.0003
-147 0.00028 0.00029
-146 0.00041 0.00034
-145 0.00034 0.00033
-144 0.00052 0.00052
-143 0.00066 0.00064
-142 0.00068 0.00064
-141 0.00078 0.00073
-140 0.00098 0.00086
-139 0.00107 0.00119
-138 0.00131 0.00116
-137 0.00183 0.0016
-136 0.00199 0.0021
-135 0.0023 0.00228
-134 0.00267 0.00245
-133 0.00334 0.00325
-132 0.00379 0.00395
-131 0.00471 0.00439
-130 0.00586 0.00554
-129 0.00615 0.00645
-128 0.00734 0.00757
-127 0.00898 0.00877
-126 0.00995 0.00995
-125 0.01217 0.01287
-124 0.01445 0.01504
-123 0.01715 0.01694
-122 0.02056 0.02033
-121 0.02381 0.02383
-120 0.02798 0.02787
-119 0.03291 0.03202
-118 0.03775 0.03785
-117 0.0428 0.04402
-116 0.04812 0.04999
-115 0.05496 0.05441
-114 0.06116 0.06065
-113 0.06641 0.06429
-112 0.06983 0.06974
-111 0.07101 0.0716
-110 0.0699 0.06918
-109 0.06597 0.06818
-108 0.05913 0.05884
-107 0.04891 0.04885
-106 0.0368 0.03683
-105 0.02557 0.02479
-104 0.01494 0.0147
-103 0.00695 0.00707
-102 0.0026 0.00265
-101 0.00078 0.00068
-100 0.00013 0.00014

-192 1e-05 0
-176 1e-05 1e-05
-173 0 2e-05
-172 1e-05 0
-171 0 1e-05
-170 0 1e-05
-168 1e-05 1e-05
-167 1e-05 3e-05
-166 0 2e-05
-165 0 1e-05
-164 3e-05 0
-163 2e-05 4e-05
-162 3e-05 1e-05
-161 3e-05 5e-05
-160 3e-05 1e-05
-159 6e-05 3e-05
-158 2e-05 0.00011
-157 6e-05 1e-05
-156 2e-05 0.0001
-155 8e-05 8e-05
-154 0.0001 6e-05
-153 0.0001 0.00014
-152 0.00014 0.00013
-151 0.00018 0.00019
-150 0.00025 0.00018
-149 0.00019 0.00026
-148 0.00022 0.00024
-147 0.00025 0.00037
-146 0.0004 0.00029
-145 0.00048 0.00049
-144 0.00062 0.00042
-143 0.00067 0.00074
-142 0.00069 0.00073
-141 0.00102 0.00095
-140 0.0014 0.00129
-139 0.0013 0.00134
-138 0.00163 0.00151
-137 0.00184 0.00195
-136 0.00217 0.00233
-135 0.00258 0.00266
-134 0.00314 0.00324
-133 0.00348 0.00359
-132 0.00433 0.0043
-131 0.00526 0.00509
-130 0.00588 0.00617
-129 0.0075 0.00727
-128 0.00784 0.00832
-127 0.00977 0.01032
-126 0.01181 0.01188
-125 0.01425 0.01388
-124 0.01655 0.01699
-123 0.01992 0.01998
-122 0.02272 0.02343
-121 0.02593 0.02684
-120 0.03042 0.03045
-119 0.03512 0.03564
-118 0.04302 0.04016
-117 0.04687 0.04643
-116 0.05234 0.05194
-115 0.05787 0.05795
-114 0.06454 0.06352
-113 0.06889 0.06965
-112 0.07085 0.07158
-111 0.07071 0.0702
-110 0.06829 0.06861
-109 0.0622 0.06292
-108 0.05285 0.05234
-107 0.04216 0.03966
-106 0.02765 0.02875
-105 0.01714 0.0178
-104 0.00909 0.00895
-103 0.00348 0.0038
-102 0.00112 0.00119
-101 0.00032 0.00028
-100 3e-05 5e-05

e
